180

Novum 11131111, 11111 1330. ΙΙ. 308. 00111. 3311111ς nentri: 111, 111111ςί1 v.
- 11131111, 11111 13111. 11. 333. 00111. 011111. 1383. 11. 331. 0001,
- 1333. 11338. 001111. Nulo· 1331. 1. 33. mn.
— 1113111 1331. 11. 333. 001111. - 3111131111111, 1111111111 1331. 11. 13.
1333. ΙΙ. 333. ccxci. 1111
- prndium 111 1111111111 1111111333. 1111111151011113 1331. 11. 30. mv.
ΙΙ. 333. 00101. 31113111 1380. ΙΙ. 311. 0010111.
3131111 1333. Ι. 383. 00011111. 1111131111181111 1381. ΙΙ. 338. 00011.

11311111131330. 11. 31. 1111. - 1111111-
{unguen 370. 113. 11. 113. 11.

1111111111 1301. 11. 11. 111. - 130111.
13. 1111. - 1331. 11. 33. 11111.

03111111,111111330. 11. 13101111. -
1333. 11. 333. 001111.

01111, 1111111110 1313. 1. 31. 1111111.
- 1313. 1, 33. 111111.

0111111111 8., 11111111 01131111. in 1111111
1133. 1. 3. 111.

01 11111. 111111.

013, 1131111111 nu 313111 Berge 1331.
’11. 313. 0011. - 1333. 11. 313.
001111111.

011 011113 1338. 11. 381. 00111.

0111111111 1331. 111. ΙΙ. 111. 11.

0111, 1111111111 1333. 11ς.1. 301. 1.
- 31131 1333111. 11. 131. XX.

- 31, wernherus 13331111. 333. 1.

01111111111011111, 0111111 salzburg 1381.
11. 333. 00011.

01111, 1111111311. 1111 1111111111 1313.
113. ΙΙ.101,103. 11.

01111111 111111 nitriensis 1330. Ι. 133.
0111111.

01111 11111111 13331. 133. 0111. - 1333.
1. 133. 0111.

011111 111111111111 13311. 133. 0111.

0111111 3111111113 1383. 11333. 00011.
- 1111, 11111110111111. 00011.

011111111113111 1313. 11. 133. 010.

01113111, 111111111111111111333. 1. 183.
0101111.

01ο11, enutri 3111111111 1330. 1. 133.
0111111.

01, gener 0111111 militis 1111111 31
01131111131111333. 1. 81. 1111.
011 Heinrich 1380. ΙΙ. 333. 00111110.

01111 3110111111330. 11333. 00111111.

0111111111 1131111311 eoum 1311. 11. 31
1111111.

0111 1111111311, ministeriu. 01111 13011.
311111.

01111 11 11111113, cim 1370. 1. 133. 010.

0111111 1333. Ι. 801111.

01111111 11 111311131111333. 1. 333. 000.

01111 11 som 1333. 1. 338. 0011111.

01111111, 31111111. 1. salzburg 133111.
333. 001111.

-111111, 1111131111 domu· 111111,
01111110131333. Ι. 111. 011111. -
1333.1. 113. 011111.

·· propos. 1111111111 111111 131111.
31. 1111.

-11111111111 in 1311111111 13131.
118. 01.

0111111111311111111333. 1. 3118. 000.
011111111 St. 1111 133311. 131. 01.

- 11181. 11111 1331. 11. 133. 0111.
- 11111131111311111111313130111.
01111111 11831. 13111.

- 01., cellerarius 31111 viennens&
Deutnoh. 013. 1333. 1. 111. 011111
01111111, 1111111111 011111. 113 swern

1331. 1. 133. 011111.

-13131 von 301111 1331. 1. 111.
011111. - 1333. Ι. 130. 0111111.-
1333. 1. 133. 0111111. - 13311111
CXXXV. - 1338. 1. 113. 0111. -
1333. Ι. 131. 011111. - 3131131111
011111. - 1338. 1. 138. 01111. ·
1330. 1. 131. 0111111. - 13331111
Ι01011. - 1331. Ι, 183. 0011. -1131
1. 301, 00111.

 

