414

1111111 1211. Ι. 10. mvl. - 1271. 1. 171.
CLXXXIX.
1111111111111 1121. 11. 721111.
Buehberg 11, 01111111 1281. 1. 241.
CCLXXI.
-11111111111 1211. L 181. CLXX. -
1214.1. 182. CLXXL
- 11, 111111111 1281. Ι. 241. CCLXXI.
-11,111111ς11 1211. L 111. CLLX.
1111 1217. 1111. L 117. 11.
- 11111 1217. 111. Ι. 111. 1Ι.
111111, 11111. 1. 011111 1211. 1. 14. LXXI.
11111, Propositus in 11111 1221. 1. 17.
11111.
1111111111111111 1281 1. 241. 0011111.
11111111 11, 01111111 1271. L 217.
CCXXXVL

0111111111, 11111111111111, 1111111 1117.
ΙΙ. 12. 11111.

0111111, 111111111111111111 1201. L 11.
111111. -1211, L 11. XXX. - 1217. Ι.
12. mvn. - 1217. 1. 14. xxxvm.

01111111, mile· 11 11111 12111. 121.

cxxln.
- 11111 11 11111 1271. Ι. 111. 00.
- 12711. 112. CCIX - 1271. 1. 111.
0011111. - 1271. L 111. CCXV. ·-
1277. 1. 211. 00111111. - 12711. 211.
comm. - 1278. 1. 211. CCXXXL -
1281. L 221. CCXLV. - 1211. 1. 241.
001111.

0111111 1111111111111111111 11 11111
1211. 1211. CCLXXXVL

-· 111111111,1111111 11111 1271. 1. 222.
CCXLL

01111111, 11111 11 11111 1271. L 211.
001111.

011111111,1111111 11111 1271. L 200.
cem.

0111111 11111111, 11111 1121. 11. 72.
Lxxv.

-111111111111111 1111111111111 1121.
11. 1110111.

01111111, 11., 11111111 11111111 1111111111-
11111 1111. 11.128. CXXV.

0111111111111 1111111 1121. 11. 121. cxlx.

1111111111, 11111111, 11111 1271. 1. 218.

ccxxxvi.
- 11, 11111, 11111 1271. 1. 211.
CCXXXVL
-· 11, 1111111111, 1111 1271. L 217.
CCXXXVL
- 11, 011111, noem 1271. 1. 217.
0011111111.

1111111111 1271. 12110οΠ1. - 12111.
1. 211. 00110111. - 1111. 11. 211111.
- 1111. 11. 114. CLXL — 1111112711.
CCXXX. - 1171. 1111. 11. 411. m.

Burgum! 1211. 111. 1. 211. 11.

11111111111111111111, 1113111111 11111111-
11111 1144. ΙΙ. 111. eLmvffl.

111111111 1118. L 24.

011111111, 111111. 1. 11111 1121. 11. 11.
Lxxxx. - 1121. 11. 11. 1011. - 1121
11. 1111011. — 1127. 11. 111. 0111.

0111111 1111111111 1111111111 1111111 1217. 1.
18. XXIX

0111111 11 8111111 1174. 11. 1020011111.

0111111111111111111 1211. L 211. ccum
- 1211. 1. 214. ccum. - 12141.
274. 000111. -1211, L 278. CCCXL

0111111111111,11111 1212- 1212. 1. 121
CXXI.

0111111, xenia v. Ungarn 1114. 11. 11.
XLVL — 1111114111. - 1117. 1.
11111. - 111711121111. - 1111
11. 11. LIX. - 1118. 11. 14. LX. — 1111.
ΙΙ. 11. LXL - 1121. 11. 12. LXXXX. ··
1121. 11. 11. 1011. - 1124. 11. 11.
XCIV. - 112111. 111. 1101111. - 1111
11. 11211011. - 112111. 111. 0. -
1127. 11. 11110111.- 11111. 111211
218. 0011111.

0111111 111111 1111111111111111. 11211.
CCXXXVL

011111 111111 0111111111 1281. Lug. 1111
XV.

011111111111110111111111 1111. ΙΙ. w
CCXXX.

catapanus, 111111. 1. 11111 1211. Lx
xxvn.

 

