502

stringnen, 1111111111 eru-polheim·
1111. 11. 81. 1111111.

1111111111 de, wigorn, 11111 1171, 1.
171. 0111111.

11111111 1171. 1111. 0011.

8111111111 1111111111 1111111111113 1111.
1111111111.

11111111· 111111 117111. 111. 0011111111.

8111111111 11, 01111111 1171. 1. 111.
00111111.

81111111 1111. 1. 1. 11.

1111111, 11111111 1111113 1111. ΙΙ. 111.

0011111111.

·· 11111111111111 1181. 11. 11100011.

-1., Khnig r. Unger· 1171. 1. 171.
0111111.
- mem„ flerzeg roe Beiern 1111. ΙΙ.
181. 0111. - 1111. 11. 111. 00111.
- 111111, nem.. 11111111111111 1118.
11111. 00111.

- Herzog 1111111111 1171. ehg. 11. 111.
xvi.

- 111 irrepta· 1111. 11 111. 01011.

1111111111,11111111. 1. colom 1171. Ι.
111. 0101111.

- hinchine Agrum 1117. Ι. 11111111.
- 1117. 1. 51. mviii.

- 11111. 111111ημ1111 1111. 1. 117.
000111.

- 1111171111111111111. 11. 111. 001.
- 11111111111 1111. 11. 11. 1111.

- 01111111. 11111111.

- Suprunieneie 1111111111. 1111111.

- haemonis. eonee 1111111111 1111. 1.
11. 111.

— 1111111111.1.11.111.

- 1111111111111111111111. 1. 11. ml.
— 1111111111. 111. 011111.

- magni, Herzog r. 111111111111.
11. mv.

ψ 11111111 egerem 111111. 111. 0111.
- 111111111111111. Ι. 111. xci.

— 1111111111, hioeoeiemie 1111. 11 11.

XXXV.

81111111111118, 111311 n 111111 1111. 11.
1810111111.
-111111111, flumem 1111. 11. 111.
011111.
sternier 1111. 11. 111. 0011111.
5111111,111111,01111 1111. 11. 11111111.
- 1117. 11. 111. 0101111.

1111111,11111111111111111111110011.
8111111111. 1. 111. cml.
Steyr de, Friedrich 1111. 1111). 1111.
1111111111, 1111111 1111. 1. 1. 11.
1111111· 1111111 1111. 11. 711111.
1111111111 111111. 118. 001111.
- 01111181. 11. 111. 0001.
811111111 ie, hinrquneuu 1111. 171. 11111.
see-rein 1111111111 1111. 11. 111. 0011.
11111 1111111111 111111,111111111111 111111
1111. Ι. 111111.
1111 1111111111 1111. 1111111. - 1111.
1111111111.
seraphin& peregriner 1111. 11. 17. 10111.
Sirene, 1111111, 0111 1111. 11. 118. 0011.
- 11111111, Heinrich 1111. 11. 111. 0011.
1111111111, herzogi. 1113111111111
11111111ς 1111. 11111. 001111.
11111111 1111111111 1118. 1. 111. cix.
Sir-eihirg 1111111111, 111111 1181. 11. 111.
001011.
- Piigrim 1181. 11 111. 001011.
·-· 1ς111, 1111111111 111111111001011.
-111111111, 1111111111 1181. 11. 111.
001011.
1111111111111.1. 111. 01111.
·- de, 1111111111111118. 01111.
- de, 1111111 1111. 1. 111. 01111.
1111111111 tie, 11111111 1111-11111.
11. 11111.
-11,1111111111111. 1. 11. 1111. -
1117. 1. 18. 1111 - 1171. 1. 111.
001111.
111111111111 de, Muquerihr 1171. 1 222.
001111.
111111111118111113, Friedrich, 11111111-
111 1111. 11 111. 011.
-1111111111, 1111111111 1111. 11. 111.
00111.
- 11111, 1111111111 1111. 11, 111. 00111.
- 011111, ron 0118111111111 1111. 11
11100111.
8111111111, 11111111 1111. ΙΙ. 11. 11111
1111111 10111111 1111. 11111. 001011.
8111111111 wien 111111. 171. 0111.
1111111 ru 0111111180111117. 11. 117.
0011111.
11111111111111111 1111. Ι. 111. 01111.
Sirini Uiritus 1110- 1111. 1. 11111111.-

1111-1111. 1. 21111- ciret 1171.
1. 171. 010.

 

