1111111111, 1111111111 1111. 11111. 011. -
1111. 11. 111. 0111111. - 1111. 11.
111. 00111.

-11, 11111111 zu 1111111111111177.
11. 117. 00111111.

- 11, Agna, 1111 1178. Ι. 111. 0011.
-11, Agnou, 11111111 1111. ΙΙ. 17.
11111. - 1111. 11. 11. 1111.

·- 11, 0111311111, 11111111111. 11. 1. 111.
-11,1111111, 1111111111 1111. ΙΙ. 111.
0111111.

-11, 1111111111, uxor 1171. 1. 111.
0011. -1171.1.111.00111-1111.
1. 111. 00111111.

-11, cemma, 11111 1111. Ι. 111.
001111.

-· 11, 01111111, 1111111 1111111. 11.
- 11, 1111111, mi· 1171. 1. 111. 0011.
- 11, 11111, 11111111111100111111.
-11,11111,11111111. 11111.
-11,1111111111,’1111111 1111. ΙΙ. 11.
11111.

-11, 01111, 1111111111 1111. 11, 11.
mm ·

1111111111, 111 1111. 11. 11. 1111111.

- 1111. 11. 11. 11οΙ.

11111118111110011111. - 11711.
117. 001111.

1111111 1111. 11. 11. 111111. - 1111. 11.
171.0011.1111.-1171.11. 1110011111.

- 11111 ιιι, 1171. 113. 11. 118. 11111.

beheim 11, otto 11111 1177. 1. 11. 111.

11111111, 0111111111178.1. 11. 1111.

-11, 11111111 et 11111 1111. 1. 11.
111.

8. Dux 0111111111 1117. 1. 11. 111111.

11111111111111111. 1. 111. 0011. - 1117.
1. 111. 001111.

8111111, 1111111111111171.11.111. 0010.

11111 11111 1. 7. 1. - 1111. 1. 11.
11111. - 1111. 1. 111. 01. - 1111.
1. 111. 01111. -· 11111. 111. 01. -
1111. 1. 111. 011111. - 1111. 1. 111.
01111. - 1111. Ι. 117. 011111. - 1171.
1.117.00111.-·1111.1.111.001111111.

111

1111111111 11, Euge 11111 1111. 1. 17.
11111.

111111 Friedrich 1111111111. 001111.

111111111111,11111, ’1111111 1111. 11.
11. 111.

- 11, 11111111, 1111 1111. 11. 11. 111.

- 111111111171111111101. 11. 11. 111.

- 11, 1111111111, 1111 1111. 11. 11. 111.

-11, 01111111, 1111111111 1111. 11. 11.

111.
-11, 01111111, ’1111111 1111. 11. 11.

111. ·
-11, 1111111111 1111. 11. 11. 111.
-11, unguet, ’1111111 1111. 11. 11.

ΧΠ, ,

-11,0111111111. ΙΙ. 11. 1111.
1111, 11111111 1111. ΙΙ. 1. ΙΙ.

- — Gerung 1311. 11. 11. 111111.
11111, 1111111111 1171. 1111. ccxix.
111111111111111111111 1111. 11. 11100111.
Amba-g 1181. 111. Ι. 117. 111.

1111111 11111 1111. 11. 78. 1111.
anim 111 011111111111117. 11. 117.
0011111.

1113111 1111. 11. 111. 01111. - 1111. 11.
111. 011111. - 1111.11. 117. 01011,
ms 1111111111, civi· 11 11111 1171. 1. 111.

00.
mil, procurator prope 11111111111111-
1131111111 11111111 010111.

Amul 11., magister 111111 1111111111,
111111111111 1111. ΙΙ. 111. 010·
1111111, 11111111 111 11111111111111

1111. 11. 111. 00111.
- 1111111111111. 11111. 0011111.

1111. 1. 111. 000111. - 1111. 11. 17.
1111. - 1111. 11. 11. 11111. - 1111.
11.11.11111.-1111.11.111.111. -
1111. 11. 111. 011. - 1111. 11. 111.
011111. - 1111. 11. 111. 01111. -
1111. 11. 111. 01111- 1111.11. 111.
0101. - 1117. 11. 111. 01011. - 1111.
11. 111. 0011111. - 1117. 11111. 00111.
-1111 11. 111 0011. - 1111 11. 111.
0011111. - 1111. 11. 111- 01111111.

 

