1⁸⁶2, 22 1111. ·- Meum-Reum 11an aa 811111111111, Mearm
111 meseum 1111 11111 1111111111 111 111 Auci 111111111111111 aber 11111
³ Weinuoerten 11 111111111νῖ 111 dem Steinsddo.

111 11111111 8111119 11111111 111 medlick 111 111 11111111
1111 1111111111 111 111 1111111111 111 1111111111 111 111 1111111111
111111111111111111, wir 111111111 11111111 1111111111 11111, 111 wir
111 1111111111 (1111111111 111111 111111 1111111111 0111111 1111
0111111111 1111 1111111 011111 gemin, 1111111 1111111111 11111 11
1111111131 1111 1111311111, 11111 111111111 111 111 (11111111, 111
1113111311 1111111111111111111. 1111111 8111111111, 1111 mit
111111111111111111111, 111 wir in 11111 11111111111111 11 dem
111111 111 1111 111 111111111 11111111, 111111111111111111111
1111111 11 111111111111 tam 11 dem 111111 111 11111111 wir 11
111111 11111111 11111111, 111111111111111111 111111 1111 111111
11111111 1131 111111 dritten 111 11111111 111111111111111111
1111111111111, 11111 1111116111111113111 1111 11 1111 11111111
1111 1111111111111111111111111111111 11111 1111111311111111,
11111 11 111161111111131111111111111111111111111 1111111
1111111 vir 1111111 111111 1111111111 11 1113111111 11111111
11111111, 1111111111 11111111 111 111 halb 11 1111 11111111 113.
11111111111 11111 1111111111 111111111111 11111111 111111 1111 11111
111111 1111111111 111111111 1111, 111 weingarten 11111 11111111,
111 11111 1111 11111111 111111111111111111 11 1111111 1111 111111
11111 1111111111, 1111111111 111 111111111111 11111 11111111,
1111111111 11111111 Wir 11111111 1111 111111111111 111111111111
111111, 11111111 geunnen, und 111111111111 wer. 111111111 1111
1111111111, oder 11111 11111111111. 111 1111111111111 111. also 111
111111111111111111111111111111111111111 111 1111 1111111, 111
111111 1111 1111111 11111111111111111 111111 11111111 11111, 111
11111111 1111111111111111111111111111111 111111111111111111111111
1111111 1111111 111111, 11 111111111111 1111111 1111111, 111 111

in 11111 1111113, 1111111111 111111 111111 111111 mit 1111111 argon
get. 111 11111111 11111111 111 11111 111111 11111111111111 111,
111 1111111111 1111 1111 1101111111. 111 11111111 111111111111
1111 1111111111, 11 11111 1111 11111111 1111111111
111111 111111 1111111. 11111 Imm 111 1111111111 111 Ammo

 

