188

1111111,11111 111 11111111 1371. 11. 333.
CCLXXI.

1111111111111111 1331.11. 111. CXLI.

- 31111111, 111111111 1331. ΙΙ. 111.
CXLI.

111111111111 1373, 11. 303. CCLXXVIII.

111111011111 1333. 11. 88. LXXXIV.

11111111 rotundum 1337. 1111. I. 308. 11.

11131111, weingarten 311 11111111 1337.
11. 171. CLXVIII.

— 11111 1373. 11. 303. 00311111.

1113111 11 313111111111, 11111 1370. I.
173. CXC.

1111111111 gangit 1133. I. 1. 111. - 1183.
I. 13. X.- 1137. 130. XV.

- 1310. 1131111311.

PreInseI 1111111111 1311. II. 30. XXXIII.

11111111111 11, 01111111 1300. 11. 3. II. -
1300133111. .

- 11, 1111111113 1300. 11311,

- 11, 1111111111, 1111111311111. 111.

11111111111311 11, ninam-sehunna 1330.
I. 113. CXIII.

- 1383. Ι. 300. CCLXXXVIII. - 1333.
11. 13301111.

11111111 11113111 1111 1111111111 1373. ΙΙ.
333. CCLXXXVIII.

11113111 1331. 11. 133. CLVI.

11111111 0111131111 1331. 11. 77. LXXV.

Pressbnrg 1313. II. 31. LXVII. -— 1330.
11. 01111111. — 133011. 03. LXXI. -
1333. II. 113. CX. - 1333. II. 317.
CCXXXII.

111131111 rom. 1111111110111. 0111. 1133.
1. 3. III.

11111, 11111 1331. 11. 73111111.

1111111 Heinrich 1331. 11. 70. LXXV.

111111311113 11111111 1113131113 1331. 11.
73. LXXV.

Proting, predium 1331. 1111113. I.

11111111111111331. Ι. 138. CXXVI. -1331,
1. 333. CCLVIII. — 1331. 11. 333.
CCXLII.

1111111111 1133. 1. 3. 1. - 1111111731.
10. 111. - 1138. I. 31. XVI.

1113110111111 1313. 11. 11. XLVIII.

1111111111111 01111111 1383. I. 313.
CCLXXII.

Prodanndorrerssudolfun285.I.²L³.CCLXVII.
111111111111330.11. 333. (CXXXVIII.
1131111 31111111 1333. 11. 313. 00111111.
1111111111 11, 031111111, 1111111711. 1. 0. 11.
111111110111111. 311111 1331. 11. 73. LXXV.
1111111, 31111311, 11111 1183. I. 13. IX.

- 11, 313111 1303. 11. 13. XXI.

1111111 11, 1111111, 11111 1330. 11. 137.

CXXIV.
11111111 13371. 130. CXXXVII.
111111, 111111333131. I. 308. 11.

1111311, 11111111111301. 1. 373. CCCIX.

111311 31111111, 3111111111 1111311111
1333. 11. 371. CCL.

11131111 11, 111111113 1310. 11. 173.
CLXXIII.

1111131111 11, 11311 1313. 11. 187. CLXXXIV.

-11, 11311131, 3111111 1308. II. 303.

CCCXXXVII.
— 11 , Genu-g, 311111 1308. 11. 333.
CCCXXXVII.
- 1131111373. 11. 3030011111111. -
1333. 11. 371. CCCXIX.
- 11, 11111111, Herzog 1131113131111-
11111111 111 1111131111 1333. 11. 303.
CCCXXXVII.
111331111111110111111111113111 1330. 11.
330. CCXII.
11133111 11, 11311, 13111111· 1111111111
1333. 11. 333. CCXIV.
1111. 1., 11111111111111. 111.
1111111 11111113 , 3111111111 3113111113
1373. 11. 330. CCLXXXV.
111311 1111111111 1333. 11. 313. CCXXVIII.

- 0111 1333. 11. 313. CCXXVIII.
1111111111, 11111111111 1137. Ι. 30. XXIII.

- 11, 0111 1337. 1. 33. LV.

- 11, 1111111111 1337. 1. 33. LV.
Pugnatur 1111111111 13331. 378. cccxl.
11111 mo. 1111. 11. 11. xxv.

111133113, 11111 1173. 1. 8. 11.

1111111111111, 1113111 1130. I. 3. IV.

1111111111111,111111111, 11111 1177. I.
10111.

- 11, 0111, 11111 1177. I. III. VII.

-· 11, 11111111, 1111111731. 10111.
111113113, 11111 1177. I. III. VII.

1111 0111 1331. II. 373. CCXLIX.

 

