001

1η110100103000011100110111130.173.111. Tm 10 0101ου1010,01101170. Ι. 171.
1011101010101 1380. 11. 038. 001011. 0111111111.

nemo 00000 00011. 1000110. - 0, 000 1101. ιι 11 xv. .- 10101.
1100110, 000 1111101001, 0111111111, 11111· 110. 011. - 1330. 11. 117. 011111. -

1011130011 110. 011.
’11001 10, 00101101 1101. Ι. 110. 0011111
10011, weingarten 1111110101101 1318. ΙΙ.
111. 001111.
7111, 1101110010 1013. 1100111111
- 1013. ΙΙ. 00. 111111 - 11001111.
01111. - 1371. 11. 101. 00111111.

1101001010, 1101101011 1103. 131. 1111.

‘ru-bun 10, 0011101100 11101. 011.

7011110101 1311. 11 101. 1011.

Tantum, 100100110137011 317. 00101.

Mun, poumio 1311. 0. 100 0.

monach, 11011 1178. 1111. 0011111.

Tun 001 0010111010, 1110011101 1317. 11.
100. 001111

- 10 1101100100,11ος0 1181. Ι. 130.
00111.

- 1011011011010, 11130, 01111 1181. Ι.
130. 00111.

- 10, nugo 000 1101100100 11011070.
000111.

- 10 mentemmentdm 1101. 1130.
ceux.

- 10, 1101001011 001 110110010101100.Ι.
170. 000111.

- 101101001011,800110, nor 1181. 1.
130. 00111.

- 10, 000 1110000001. somn 1333. 11.
110. 011. - 1331. 1110001111 -
1310. ΙΙ. 100. 0011. — 101011. 110.
001111- 1317. 11. 131. 00111. -
1370. 11. 180. 0011111.

0101011001 10 0111011111. 1. 11101111.

1110100100 1010. 1. 110. 01111.

- 1101ιί001, 011001180110011111111
-· 1101101000 1111. 1. 110. mvn. -
1171. Ι. 107. 00111.

- 1101101000, 0101010 80001 1170. 1. 100.
001111.

- 0110 1171110100111. - 1178.
1111. 00111111.

- 0110, civis 10 80001 1171. 1. 100.
0011. ·- 1171. 1. 100. 00111

1110. Ι. 10. mul. - 1101. 1. 80.
111111- 1110. 1 111. 0111- 1101.
1110011111 - 1110. 1. 131. 01111.
- 11111. 130. 011. - 1118. Ι. 111.
0111. - 1110. 1 111. 0111111. -
11101. 111. 01111. - 1101. 1. 111.
011. - 1101. 1. 11101111. - 1101.
1. 111. 01111. - 11011 111. 011111
- 11001 110. 01111. - 11001101.
010. vm. ·- 1171. Ι. 180. CXCV· -·
1171. 1. 181. 01011 -· 0101010011Ιί1
1171. 1. 103. 001. - 1170. 1. 101.
0011 - 1171. Ι. 100. 00111. - 1171.
110000111. - 1178. 1000. CCXX.
- 1177. 1111. 00111. ·· 1177. 1.
110. 001111. - 11801111. 0011111111
·- 131011111111. - 1311. 11. 01.
111111. - 1017. 1117. 1111. ··· 1310.
11101110. - 131111 100. 011.

1100010, 1110101ςο 1110. 1. 111. 0111.
·- 10, nugo, 01001 1110 1. 10. 111111
- 10, von 1100100001, 0110 1301. 11 1.
11. - 1301. 11. 011.

- 00, 001010100001, 0110, under
1301. 11. 1 11.

100001 00001100 10 0010101001 1101. 1.
188. 000.

1011 uxor nudig. 10 1000011οἰ10 1101.
1. 100. 0111.

100001 10, ulricus 1180. Ι. 113. ccum.

10000100, 1110000 10 0000100100 1001.
11107. 00111.

111οΙ0100 0110, milesia Bruek 1171. 1.
100. 0011.

- otto, 0000 1170. 1101001111,

- 0110, milen 1180. 1111. 00111. -
1100. Ι. 118. 0011111. - 1080. Ι.
118. 00111111

- 811000 1178. 1110. comm.

1111101000 0001111100οι0 111010 11001 1.
7.1.

1111101011, 000001110081. 1101100 118311.
7.1.

 

