311111011111 1232. I. 83. 1111.

11111131, Rodegeruu 1188. I. 23. XVII.

111111,111111111. 11. 212. 0011.
-1338, 11. 211. 001111.

- 0111111111377. 11. 317. 001111111.
- St. 1111111 71111 zu 1377. 11. 317.
00111111.

3111111251. 1. 128. 01111.

31111111111111 1253. 1. 111. 0111111.-
1253. 1. 115. 01111. - 1231. 1. 132.
011. - 12321. 155. 01111.

31111288. 113. 1. 313. XIX.

- 111, 11111111113113311112321111.
321111.

-111, 811111, 1101 1232. Ahg. I. 321.
111.

1111111 Paul 1333. 11. 383. 0001111. -
1337. 11. 332 000111111.

cartennis· 1321. 11. 73. LXXV.

3111111 1111111111 1321. 11. 73. 1111.

11111111 0111111 1331. 11. 253. 0011111.
- PhiIIpp 1331. 11. 253. 0011111.

31111113111 1231. 1. 275. 0001111. -
1331. II. 11111.

3111111111, 1111111111 1313. 11. 83. 111.

1111113111 1233. I. 81. 111. - 131311.

173. CLXXIII.

1111111311,1111.11111111111 1227. I. 37.

111.

- PrIor, III. 11. zell 1283. I. 231. 0011.

neuneu, 1111111111113.11111111.

11111111, 1111111111 und 11111 131311.

27. xm.
81111111111111238. I. 288. 00011111.

3111111111 121111. 13. XXXVI.

- sle, siboto, 11111 in 31111 1275. I.

139. CCXV.

- 31, 811111, 1111111275. 1. 233. 00111.
8111111111 de, 81111 1233. I. 237.

CCXCVIII.
61111111110110 1301. II. 7. VII.

447

11111111, sibrand.. 1111. 1. 111.
001111.

(1111111, 1111111111 11131111111111331.
11. 112. CXXXIX.

(111111131111333. 11. 153. 011. - 1333.
11. 1331311111. - 1333. 11. 137. 01111.

(11111138311. 373. CCCXVIII.

CeorgInu, 81111. 11 111111 1383. II. 373.
000111.

- 31111. v. 81111111323113311111.
-1323, 11. 3111011. - 1321. 11. 33.
1011. - 1327. 11. 113. 0111.

- Cantor 1111111 133311. 111. 0111111.
- 1338. 11. 171. 011111-1317. 11.
232. 010111.

- 111111111111 1111111. 1373. II. 332.
00101.

(11113. 1111. 1111111111111 133311. 23.
XXIII. -1337, 1122. 111.

- 1111 1111111331. Ihg. II. 133. 111.

- 111111 11 1111131111111 12851. 211.
00111. - 1231. I. 278. 00011. -
11331. 11. 13. XX.

- 1111111111 11111111111111332. II. 3. 1.

- 11 novo prndio 1111111111111111373.
11. 323. 00101.

- Engista· 1311. 11. 11. 111.

111111 111 1111111111 11 1111132111. 123.
0111.

- 1111111111111, 1111111311511 1333.
11378. 0001111.

- 311111111111 8111 1331. II. 117.
011111.

1111111 11111111 1313. ΙΙ. 33. 111.

Cer, WeInganeu 11 311111132111. 113.
0111.

- wald 1231. 1. 2711. 0001111.

1111111 de, 1111111111 1232. I. 1115.
011111.

·· 111,111111111111,111111 1273. I. 231.
00111. -1233, 1. 225. CCXLVI.

611111, 1111111111 von Gumpoltskireben -— 3111111111111 1273. 1231110111.

1111111111 1322. 11. 83. LXXVIII.
1111111111 11111 1321. ΙΙ. 721111.
(1111111111 1333. II. 173. 0111.

311111111133. I. 2. 1.
- -3113 1272. I. 182. CXCVII.

(1111111111 1213. 1. 111. CVI. - 1257.

I. 138. 011.

01111111, 1111111111 11 11111 1371111323.

CCXCI.

- 31,11111]11111111283. 1225. CCXLVI.
- 111, 11111111,1111111273. I. 231. CCXIX.

-111, 11111111, 111111 1283. I. 223.
001111.

- de, Agnou, 1111 1283. I. 2211. 001111.
-111, 1111111111, filia 1233. 1. 223.
CCXLVI.

-111, 1111111111, 11111 1273. I. 2111.

CCXIX.

 

