251

111 1111111 1111111111, 11111 111111111111111111111 1111111111 sint,
111 111 (1111111111 sagn 11111111111111111111, 11111 si 111 ege·
1111111111111 111 11111111111111111111 111, 111 11111 1111111,
1111113111111111111111, 111111111111111111 1111 11 1111111 111111-
111111; 1111 111 1311111111 111111111111Η11111 11111111 Heiliyen
0111111111 1111111 111 111111111 11111111111111111 11111111111111
1711111 1111111311 1111111111 111 111 1111111111 111 111 1111111111
1111111 111111 1111111 also, 111 1111 11111111111111111 Hos, 1111111
111 1111 111 was 111113111111 111111111111111111111, 1111111
1111111111 11111111, 11 1111 1111111 1111111 1111 11111111 dienen
1113111111 11111111111111 1111 11111 111111, 111 11111111 11111111111
1111111 111111, 1111111111 8111111111 11111111 11111111 11 11111
1111111 111 11 11111111111111 111111111111111111111111111111111-
11111 11 1111 11111111 113, 111 111 1111 11 1111 1111 111 111 1111111111
1111 31111111 1111 11 11111 1111111111 11111 1111111111 11 11111 1111
1111111, 11111111 sein 1111111111; 1111 111 1111111111111111
egeuanten 1111111 111 11111111111111111 111 11111111 111 11111
11111111,11111131111111111111, 111111111111111111 1111111111 1111 11
geben 11 1111111111 11 111111 11111111 111111111111111111111111
men 1111111111 auch 111111111311111611 11111 1111111111111
1111 einander 111111111, 111 11 11111111 1111111111 111. 1111 1111111
1111111111, 111 wir, 11111111· 111 11111111111 1111 1111 111 11111 111-
1111111 1111 111111 11111111111 111 1111111 111 11111111, 11111
1111111111 1111111111111111111111 111 geben zu den Tagen 111 111·-
1111111111, 1111111111111111111 111111111111 1111111, 11 111 11
11111 111 11111111 11111111 den selben 1111· 11111111111111111
(111 1111111111 11111111 111 1111111111 1111111, 1111111111111111
1111,1111111111111, 1111111111111111 111 11 1111 111111111111111
111111111111111 an 1111 1111111111. 1111 11111111 111, 111 111111
11111111111111Η11, 1111111111 11111111 111 11 1111 dem 111 11111
1111111, 1111111111111111 stet, 11111111111111111111113111111111,
111 wem 1111 11111, 111 11111111111131111111 111111 311111111111
1111111 11111111 Heyliqen 0111111111 1111111111111111111. Vnd 111
111111111111111 1111111111 Gib 111 0111111111 111 1111111111 11
11111 brief 11111111 111111 1111111111111 sache, 1111111111111111

1111111 1111111 111 mit 1111111111111111111111111, 111 1111111111
111111 Η11111 11111111111111111 11711111 111 111111 1111111191 111
11111111, 11111111 sache 3111111111 11111111 11113111. Der 11111 111

 

