256

11111 11111111 1111 11111111 ing, 1111111 111 1111σὶ111111 111 eim
1111 111 111 1111118111 1111111111 1111111111 1111 1111111111 111
1111111 1111111111. 111 11111 11111111 11111111, 01111111 111
1111111 111 111111 1111111 111 111111111 1111111 1111111113 [1111-
1113 1111111111111 111 1111111 11111113 11111113 an 1111 11111111
111, 1111111 1111111111 111 111111 11111111111111111111111 mmm
phenning 111111111111 tng 111 1111 111 1111111113 an saud 1111111
113. 1111111111 111111111111 111 111111 1111111 111 11111 Seu 1111
111 1111111111 11111113 11 1111 sarigas· 111 111 1111111 1111111111 11
1111 1111111111. 01111111 11111111111111 111 111111 1111111
11111111811111111111 11111118 1111111111 11 1111 11111111 hg.
01111 111 11111111 111 111111 111 111 11111111 8111 1111 111 1111111·
zig phenning 111111 ,1111111 113111 11111111 1111111111 1111
1111111111. 1111 111 111 obern 1111111111 81111111111 111111118111
1111111 1111111111 11111111 11111111 1111111113111, die 1111111
nudet 111 1111111111 111111 halben 1111 111 1111 siben 111 1111111111
111111111111111111111 11311111111111 1111111113 11 1111 11111111
111. 1111111 11181111111111 111111 111111 1111111111 siben 111
1111111113 11111113 11 1111 ,11111111 111 111 11111111 1111111111 11
111111111111 teg. 01111111 an 111 1111111111 111 1111111 halben 1111
111 1111 11111 111 1111111113 11111113 11 1111 1111811 119 111 111111
111 1111111111 11 111111111111 tag. 1111111111 1111111111 1111111
1111111111111111111111111111111111111111 111 1111111111 1111111111
1111 1111111 1131111111 111 1111111113 1111111111111111111, Peter
111 1111111111 1111111111 111 11111111 1111 11111111111 1111111111
1111111111111 tag 111 1111111111111 111111111111111, 111 Wei-
1111111111 11111111 111 111111 Hos 1111 111 1111111113 1111111113 11
1111 11111111 tag. Ρ1111111111111 1111111111 1111111 1111 3111911 111
11111111111111111111311 1111111111111111. 111111111111111111111111111
111 111111 1111111 111 111118111 3111311 11 111111 ,11111111 111
111111111111 111 1111111111 [11111111 11 11111 11111111 tag 11111111
’ 111 1111111111 an 11111 11111111 113, 11111111111111111111 1111111111 1
11111111111111111111111111111111 tag 1111 1111111111 111 11111111 1
11111111 11111 gelegen 111 1111111111111111111 gut, 111 1111111 811-
11111111 1111111111 111, 111 einen] halben Hos 111 1111 11111111
1111111111 11 1111 11111111 111, 1111111111111111111111 111111
1111 1111 11111111811181111111 11111113 11 111111111111 tag. 1111-
1111118111111111111111111111111 1111 111 111 einer 1111 11111111

 

 

 

