1111111 111111111, 11111 1111. 1. 17. mlv.
Vitxlimr 111111111 1111. 11. 11 mm.
1111111111, 11111111111, 11111111 1111.
11. 11111111.
- 11111111 111111. 11111111.
-11, 111 11111111, 111111,111111111
1111. 11. 1111111111.

11111111 11 1111111 1111. 11. 111. 11..

valon-nuru 1211. 1. 118. 01.

1111111111, 11111 1117.1.11.111. - 1111.
1. 11. mx.

- 11, Engo, 11111 1111. Ι. 111. 01111.

111111, 1111111111.17.ΧΠΙ1.

vago! 11111111 1111. 111. Ι. 111. 111.

-1111111111, 1111 1177. ng. 1. 111.
111.

1131111111111. 1111. nv. ·- 1117. ΙΙ.
11. 111. - 1111. 11. 11. 111. - 1111.
11. 117. 1111.- 111111111010. -
11111111111111. - 1111. 11. 111.
(3131111111.

1ος1111111ὴί11111117111117111111111.

11111111, 1111111111 111 wion 1111.
111. 11. 118. 1111.

11....111111101111111.1.11.1.1ΠΙ1.

11. . . . 11111111 11 ontulit-chon. 11111

1111. 1. 111. 0111111111.
1111111111 lm Ι. 111. 111.
11111111 1111111 1111. 1. 111. ceu.
1111111111 episcopusin 1111111 1111. 111. 1.
111. 1.
1111111111 1111111111 1³⁸4- 11. 111. ccclx.
11111111111111111. 11. 111. 0011111111.

11111111, 111111 in 11111 1111. 11. 11.

XXVH.

111

111111111111111311 1111. Ι. 1. 111.
11111111 111 111111 1111. 11. 111.
cm.

- angastuna, 1111111111 1111. 11. 111.

0011.

Volmdu· 1111111111 11111111ιί1 1171. 11.
111. 0010.
Volunberg 1111. 1. 1111111111.
1111111111111, 1111 1111. 11111. 001111.
- 1171. 11. 111. ccuvn.
- 1111111111.11.111. 011111.
- 111111, 1111111111111111. 11. 111.
ccuv. - 1111. ΙΙ. 111. (11111111.
11111 im Bnumgnrten 1111. 11. 111.
1111111111.
1111111111 11111111 1111. Ι. 11. 111.
11111111111111,1)11111111 1111. 1. 111.
mv.

- 11, 1111111111 1118. 1. 1110111.
1111111111111 1111. Aug. 1111. 1111.
111111111111 1111. 1. 111. 111..

1111111 011111, 11111. 1111. 111. 11.
11111.
Vynr 1111. 11. 11. lami.

wakenherg 11, 1111111 1111. Ι. 111.
1111111.- 1111.1. 111. (11111111. -
11111. 111. cum.

11111111111111, 1111111111 1111. Ι. 1. 11.

- 11111111 11111111 1111. 1. 11. 1111.

- 11, 11111111 1111. 1. 11. XXIV.

- 11, 1111111111 1111. Ι. 11111111.

11111111 1111. 1.1. 11.

-11 Wiener 11111111 1111. 11. 11.
mx.

- 111111 111Ι 1111111 1111. 11. 11. 11111.

1Ι1ς111111111, 11111 bei 6111111111111 -1121111110111,

1117. 11. 111. 1111111.
11111111 neuim 1118. Ι. 111. 111.
111111 11111111, cire· 1111. 1. 11. 1111111.

1111111111 11111111 111 11. 1111111 1111. 11.

11. mv.
1111111111111111 1111. 1. 111. 01111111.

111111111111 11, 1111111 1111. 1. 111.

CXX,

— 11, (ἶο111111 11 11111, 1111111111. Ι.

171. 11Χῦ.

- 11131111 Prouburg 1111. 11. 111.
1111.

-1111111111, 1111111111 1111. 11. 111.
1111.

111111111111111111, eomas· 1171. Ι.
1111111111.

11111111111111111, (11111111, 1111111111.
Ι. 111. CLXXXIX.

- 11, cunradus 1111111111 111111111ιυί1
1171. 1. 1111101.

 

