333

3131113 11111311, 11111113111 133111.
331. 3311.

- 311131, 31111111 1333 II. 133. 311.
- 133111. 133. CXLIX.

313111131311 1341. 11. 177. 311111.

31311113 1313. II. 43. 1.

313111111111313111 1373117131111111.
- 1373. 1. 177. 3131.

·- 1111313111, civi· 1111111111 1377.
133. I. 313. XII.

- 11113131 1331. 11. 144. 3111.

31311113 3111111311, 11111377. 333. Ι.
313. XII.

3131131131373. I. 333. 33111. - 1333.
1333331331

3131111113 31111113 1331. 11. 74. LXXV.

31311113111131333. 11. 333. 331111111.

31311313 31111113, XI. Neuburx 1383. Ι.
333. 331111.

3131113113 31, 31111111 1333. I. 73.
111.

3131113 31111311, 111111 1373. Ι. 133.
CCXVI.

- 31, 31111311,111·11 11 311111 1373.

Ι. 133. 3311.

3131111311, 311111111111311113113 1331.
ΙΙ. 73. LXXVII.
313111311111111133, 311113 1333. ΙΙ. 13.

XVIII.

ScheuflIng 1313. 11. 43. XLVII.
8131131131131113113111331. II. 7. VII.
31111131 1111111111 1187. I. 17. XII.
313111131111111 1333. 1. 343. 3311111

- 1131111111 1377. Ι. 337. 331111. -

13331. 313. 3311111.
-313111111383- Ι. 313. 3311111.
31311113113111111 1333. 11333. 33311.
31311111 ,11113 1373. II. 337. 33111.
81311111 3111111 1333. 1. 333. 333.
31311 1111111111 1333. I. 134. CXXXIII.
8131111 31, 11ο1111311, 111111 13731333.
CCXVI.

- 31, 111111311,111111131113 1373.
I. 133. CCXV.

31311131 311113 1333. 11333. 331311.

81111111 3111111, 111111· 1383. 1. 333.
331111.

- 3111311311 13831338. 331111.
31311111 1111311111 1331. 11. 78. LXXV.
31311131 1111111111 1331. 11. 333. CCXI..
SehIegeI 3111113111 1331. I. 333. CCLVIII.

81311111 1338. 1311313111. - 13113.
Ahg. I. 333. XIX
-31,3111111333. I. 134. 311.

- 1111111111 137311. 333. 3311111111.
3131111111 11111111 1377. 11. 313331111111.
31311111113111131383. II. 373. CCCXVII.
3131111111 31111113 1333. 1188. LXXXV.
3111111113 311131113 1331. 11. 73. LXXV.

- 311113 133311. 317. 3311.

3131113 1111113 1313. II. 37. XXX.

- 313111 1333. II. 137. CIII.

- 81111113 1313. II. 33. XLIV.

- 311113, 3131 133111. 137. CIII.
3131113131, 113111 1333. I. 333. CCXLIV.
- 31, 31111311 1333. 1113. CXLVI.
- 31, 1113111111 1383. I. 3331331111.
- 31, 31111111 1383. 1333. 331111.
- 31, 3111311311 1333. I. 333. 331111.
- 31, 1111111311, uxor 1383. I. 333.

331111.

3131133113 1333. I. 33. XXV. —· 11111
13131. 134. 1311. - 1333. 1. 133.
CXIV.

- 31, 3113111111 1333. I. 133. CXIV.
- otto 1111. 11. 1. x.

8131133113 31113 1378. II. 331.
CCLXXXVII.

- Georg, 3113111383. II. 3313313111.
-11131111383, II. 333. 3313111.

- 31111, 311311 1378. II. 331.
331111111.

313111311 311111131373. 11. 331331111111
- 11111111 1373. 11. 333. 331111111.

31311111 31111311 1373. II. 333. 33111111.

8131113111 311113 1311311313. 331311.
-1111113 1383. II. 313. 331311.

31311111111111 3111111113111333. I. 137.
CXXV. — 1333. I. 111. CXLVIII. -
1331. I. 133. 311. - 1373. I. 181.
31311. - 1373. I. 183. CXCVII. -
1373. I. 313. CCXXXIII. - 1384. I.
333. 331111. -- 1311. 1133. XXXIII.
-1311, 11. 33. XXXIV.

— 31, 31111111, 71131111311. 11. 33.
XXXIII. - 1311. 1133. XXXIV.

- 31, 3111113, 71131111311. II. 33.
XXXIII. - 1311. 1133111111.

- 31, 3111131131, 11111111111111111311.
11. 33. XXXIII. - 1311. 1133111111.

313131111111311111 1373. I. 133. cclx

81313131, 31111 1333. ΙΙ. 333. ccxciv.

 

