111181, 1111311111, 11111 1281. sig. 1.
202. 111.

rmus· 1111121111, eires 11711. 10.
111. - 1188. 1. 21. 111.

111111 0111111 1280. 11. 228. 001011.

11131111111111 1228. 11. 221. 001111.

11111111111 1288. 11. 272. 001..

rme-burg 111, otto 1288. ng. 1. 210.
1111.

insenuisse 1211. 1. 1oe 011. - 1280.
1. 112. 01111.

1111111111 Jacob 111 (ism Grssssnbsrg
1222. 11. 121. 01..

11118111, 211311 11111111 1212. 11. 12.
111111.

11111111, 1111311111 11 1211111113 1280.
11. 218. 0011111.

1111111111 1111111 1221. 11. 182. 0111.

furseros 1222. 1. 80. mx.

trisoricus 1228. 1. 110. 01111.

- 81111. 1. esis-sss 1282. 11. 288.
001111.

- 01111111. 1. 811111131272. 111. 1.
211. 11. - 1271. 1. 188. 001. - 1228.
11. 122. 0111.

-111111111111, 11. 21111281. 1. 224.
0011.

- 1111111111 ir 8111111111, 81111 11111111·
berg 1221. 1. 278. 00011.

- piebssss 11 811111131281.1.101.
CLXX.

-- pisinnus 11 011. 1277. 1. 207.
001111.

- plebanus 11 011111111111111 12811.
117. 01111. - 1282. 1. 128. 0111.
- 1111111111 ru 111111111111111282. 1.

1111111111.

- 11., grsngisriss 11 01111111111111 11
11111111111111 1270. 1. 178. 01111181.

- 11., 1111111111 11111 11 81111111111111,
1118131111111 1270. 1. 171011111111.

.. 8111111, ros 1111111311 1111831111111
1221. 11. 78. 1111.

-- inperator 1187. 1. 17111. - 1188.
Ι. 28. 111. -- 1188. 1. 20. 1111.

- 11. 1111111111 1227. 187111.-
1227. 1. 02. 11111. - 1227. 1. 27.
111111. - 1288. Ι. 218. 001111. -
1218. 11. 18. 11.

-- 111.,1811. 1111131217. 11. 81. 1111. -
122011821111. .- 1221 11. 78.

118

mvn. - 1227. 11. 118. 01111. -
1228. 11. 121. 011. - 122811. 118.
011. - 1222. 11. 128. 0111. -· 1218-
sig, 11111. v.

1111111111 1111111. rex 1287. 111. 11. 110.
1218. 113. 111221111.

-111131111111111311 1288. 1. 218.
001111.

-11111131.1111111., eires 1182. 1. 12.
11. — 1188.1.28.111.-1108.1.20.
1111. - 1202. 1. 21. 1111. - 1220.
17111111.

-11.,1111111 1. 011111. 1118111111.
1222. 1. 78. 1111111. ·- 1222. sig. 1.
201. 11. - 1228. 1. 221111. -1228,
12111111. - 12211. 1. 1011111111.
- 12101. 10211011. - 12111. 108.
10111. ·- 12811. 1220111111. - 1272.
1. 201. 00111. - 12771201001111,
-1282 1221. 0011. ·- 1208. 11. 21.
111111.

- (Pulcher) 11111131. 1111111. 1211. 11.
2811111111.

- 11111111111111111. 01111. 1111.
1. 208. 00111.

-11111111111111,01111180. 1. 8. 11.

-1111111111111 1271. 1. 122. 0011.

Friedrich, 11111 zu 1111118111 1220. 11.
127. cmv.

- 1111111111. 111111111270. 11111.
111. 112. 111.

- 11 der (1111111311111280. 11. 288.
0011111111.

·- 11111111, soi· 11181. 11111 1222.
11. 181. 01.

- ronst. 11111, 8111 1221. 11. 1811.
0111.

- iilius in 111111111202. 1. 288. CCC.
-1111 1111111 1287. 11. 228. 00111.

11111111111111111. 11. 202. 0011111.

frisingensis episeopus, 111111. r. Frsisingen
1217. 1. 118. 01111.

1111111118 propositus 11 1111111 1217. 1.
118. 01111.

1111111111 numi. 1222. rig. 1. 228. 111.

1111111111 Pienningo 1221. 11. 188. 0111.

11111111111111, 11111111 1281. 11. 288
cccix.

-· 8111101111, 11111111 1281. 11. 288.
00011.

11111 1111111 1280. 11. 228. ccxciv.

 

