umwnmmmmssm
- 00010 1130. 1. 2. I.

0010000000 10, 0000αο000, 01000 1100. I.
00110.

0010000 10, 0110, 10100 000010010Ιί0 1200.
I. 110. CLXVIII.

- 10, 0110 12101 110. CXLVI.

- 10, 0110 01 000000 1001000 eju& 1180.
121111..

- 10, 0110, 0011001210. Ι. 100. 0111111
11010000 01010000 1321. 11. 100. CIII.
00101100, 110001. 0001. 08. 1000010 0110011

1107. 123. 11.

- 0. 0. 1000010 01110011, 111 1000ιο111
11011111.

00100100, 110100. 0000011100οι 1020. 11.
121. 0110.

00100 1227. I. 00. 111.

1101111701. 11. 101. - 1210. I. 10.
mvl. - 1220170110. - 1220.
1. 71. 111.

00000000 000000. 000001001οωὶ0 100000
1200. I. 01. 1111

110010 1100100101 1021. 0. 78. 1111.

11001100 110100 1021. 11. 70. Im.

00000001οο1 10001100 10 1202. 1. 110.
cuv.

0001000100 1110100100 10, 01000 1102. I.
12. 11. - 1187. Ι. 17. 111.

- 10, 0101000, 01000 1102. Ι. 12111.
-0000001001 II. 111. 0111110.

0000010000 10, 000010001210. I. 110.
CLI.

-· Fr. 00001000 10 10000 1010100100,
1001001. 001. 1201. 1. 111. 0111.
-1000000 10 1210. I. 110. CII. -
1200. Ι. 118. CLIV. -12021, 110.
cun. - 1200. 110. I. 010. 1111. -
1200. 1100. cum. - 1277. 1200.
11011110. - 1200. 1. 221· 0111111.
- 1200. I. 200. 0011

0000000001 10, 0000000 1012. 11. 01111111.
- 10, 10010, 00001000 1112. 11. 00.
1101 - 1010. 0. 02. 111111.

1100000ος 10, 0101000 1010. 1102. 11101.
- 101000, 0010 1312. II. 3111101-
1010. 11. 02. LXVIII.

— 10, 010101, 0010 1012. ΙΙ. 0111101.
1010. ΙΙ. 0111110,

1100001000 10, 1111011000, 01000 1210. I.
121. 011.

171

0000001101 11010000 1000. II. 200. cem.
- 10000000010001000. II. 200. 00111.

0000001010100011021. ΙΙ. 00. 111111. -·
1011. II. 177. 011111.

0011010100, 00100, 0011100010000 12021.
111. 01101.

0011010100 00001001, 010000 0110000 1002.
11. 110. 011.

- Agnos, 000010001002. II. 111. 011.
0010001 1100100000 1010. II. 2100011110.
1100000001211. Ι. 12101111.
0000000000 1270. I. 211. 001110.
11101001, 1111101000 0010 1021. 11. 72.

Lm.
-10100101000000100000 1021. ΙΙ. 00.
mv,

-100000001200, I. 01. LXXI.

- Cantor 10 nub 1021. II. 1001011.

- 00010010 11001 1010. 11. 00. 111.-

1021. 11. 00. 1010.-10210. 102.
XCVIII. - 102111 101. C.

-· 100100, 1010100000 101001001οο 00 1101-
1100010000 1020. 11. 122. 0110.

- Bt„ 0100010000 00 110010001οο00 1000.
11120. CXXV.

- 000 01011010, 0001001010. 0. 101.
CLXXVIII.

- 1100000 00 01110010011081. II. 007.
CCCXIII.

-100 0000100000 II. 0100000001-
0100 10 11100 1002. 110. 11. 120.

xx.
- 001010010011010111000101. ’

-11101100 00 00100 1000. II. 000.
0001111111

010101 100 1110000 1102. 110. 11. 120.
n.

0101010101οο 10, 110101οι00, 01000 1170. Ι.
1111

-10, 010101 1000. II. 10. 1111. -
1000. II. 211110.

0101010101100 10, 10000, 1100010001 1000.
ΙΙ. 10110. - 1000. 1120. xxm.
010100101100, 00. 00110101 zu 00111000-

10000 1000. II. 100. CXXXIV.
0110100 10001 1021. II. 71. 1111.
0100001000110100000101170. Ι. 12. 1111.
-111000 10 1170. I. 12. 1111.
0100000ος 00110101 1011. II. 177. 0111111·
010010010οῐ, 0101001 10 (1) 1000. 11212.
ccxxxv.

 

