110

01110111 81 conchulam 1107. 1. 80. 011111 011111 1100-1210. 1. 201710.
11111. - 1100-1210. 1. 27. 111.

0111111 0111111111, 0111 1827. 1. 00. 1111811181, 0111111811 1280. 1. 110. 0110.
171. 0111111 121811. 107. 1011.

- 1111111111, 0111 1227. 1. 00. 171. 011111111011118111277. 1. 207. 001171.

01111111, 01111 180111. 210. 0011. - 011 0111111811, filiu 1280. 1. 221.
1808. 0. 218. 001. 00117.

0111111111 1111181111, 11111. 1888. 11. 210. - 111111811, 81111 1200. Ι. 221. 00117.
0011. - 01111111, 111111 1280. Ι. 221. 00117.

·- 01111, 0111111111111. 1888. 11. 210. - 1111111111, 01111 1280. 1. 22100117.
Fun Leopold 111 2111111113 1820. 11.

CCIX.
- 1711111111 1808. 11. 210 0011. 118. CXV.
01811-711111 011118. 1812. 0. 87. - 1111118111. 1882. 11. 188. 01111.

mlx.

0110111111, grunni· 1180. Ι. 18. 1. -·
1107. Ι. 20. 17.

- 1110. 1. 12. mn.

rflror's 0111 11 71111 1812. ΙΙ. 170.

011171.
1111111111 811111, Prona v. 111118 1870.
11. 811. 0011111

1111100311 ultim, 11101 1270. Ι.170.

CXC.

011811, 1711811- 1870. 11. 808. commu.
1880. 11. 811. 00107.

- 0111- 1870. 0. 800001117111.

- 0111· 111 0111111 1870. 11. 808.
00111701.

- 0111, 01811111 11 1870 11. 800.
ccmvm.

·- 01111118 111 1800. ΙΙ. 811. 00107.

- 81, 011118111281.Ι. 127. 01171. -
1281. 1. 127. CXXV.

- 81, 01811111 1201. 1. 127. 0117.
- 81, 1118111111, 811111 111111 1281. 1.
128. 01171.

- 81, 11111111 1180. 1. 2.1. - 1188.
120171. - 1100. 1. 211711. -·
1208. 1. 88. XXV.

-81,11111111,11111111111Ι 1108. 1. 28.
171.

- 81, 0111111, 111111,111111280. 1. 70.
1171. -1280, Ι. 01. mx· - 1272.
1. 182. 010711.

- 81, 0111111 1280. 1. 01. LXXX. -
1201. 1. 127. 0117. - 1201. Ι. 127.

··· 0111, 11111 11 011111270. 1. 222.
00111.

- 0111111 1200. 1. 221 00117.

- 0111111, 81111 1200. 1. 221. 00117.
- 0111111 1208. 1. 210. 0011111.

- Agna, 8111 1200. Ι. 221. 00117.
- 0111111110, 8111 1280. 1. 221. 00117.
- 0111118 von 2111111111, 01111111
1020. ΙΙ. 118. CXV.

- 01111111 1111111280. 1. 221. 00117.

01171. - 1200. 1111. 0117111. -
1200. 1. 117. 0111. - 1201. 1. 101
011.

01181181, wichardus, 11111 1102. Ι. 12.
11. - 1108. Ι. 28. 171. -· 1108. 1.
201711.

0181181, 01111 1811. 11. 80. 111111.

81111111,11111 1170. 1. 8. Vl.

1111111111 1828. 1100111171.

0111111111 188011. 111. 01117111.

0111011111 817 811111 1870. 11. 818.
00111710.

· 0111 111 bamberg. Prior 11 08111111,

8111111111018. 1801. 11. 208. cem.

0111111111 1810. ΙΙ. 08. 117111.

01111, 1111111111 1821. 11. 1011011 -
1821. 11. 108. 0. - 1870. 11. 828.
001101.

- {ocus 1810. 11. 01. 111.

011111 01111111 1282. 1. 80. mx.

·- 01111111, 1111110111111 8111181111
1282. 1. 80. mx.

- 0111 1282. 1. 80. 1111.

 

