Numen-Regma

81111111 1181 11111111111111111111111111 1111111111, 111 1811111111 11811
111 nand, 111 1118111 1118111111 8181 111 81111 und 111 111111 1111111111 111
11111111 111 11111111.

Α.

1. 11111111111111. 111. 1. 881. 7. 811811111111111181.1.117.0811.7111.
111111 12881. 281. 0087. 111118111111111111111111881.11.18.8117.
11111 1288. 1. 111. 08811. - 1888. 11. 11111181188-1818.1.87.111.

811. 007111. 11111111, 1181131111 1188. 1. 8. 1.
1111111111 11111111 1188 Ι. 8. 11. 111111, 81111188. 1. 8. 11.
11111111111118111. 12888287. 000111. 1111811111, 81113, 811111 1888. 18 871.
11111111111111. 0111. 8. 11111111 1181. 00011.

1. 18. 1. 1187. 1. 88. 17. - 11, 111111, 111111 1888. 11. 871.
111181111111111 1188. 1. 881111. com.

- 1111 81111111 1287. 1. 87. mx. 11811 propos. 11 1111811111881 1. 7. 7.
11118111 01111111, 11111111111111 11111- 11811, 118111881 11111111111111118111

11181111111111811118811171. 1881. 11. 18111
111181111111, 8111 1288188. mv. - muricum. 11. 881. 001111.
11111111 1288. 1. 811. 008117118 - 1288. - 1111111111, 81111817. 11. 881. omn.

Ι. 287. 00811117. - 111 111111 1818. 11. 817. 0111117111.
Agna-⁸, nebus· 011111 neuwen-nrm - 1111, 81111111887.11.881. 001111.

181811. 811. 007. - 1111311111, 81111111 1817. 11. 881.
Agnou uxor 8111111. 17. 1188. 1. 1. 1. - ccml.

1181. l. 8. 11. - 1118111111, 811111, 11111111 111
- - ’11111111 1818. 1. 111. 0111. 8111111118 1878. 11. 888. 00817. ·-
- 11111811111111181111111111111888. 1871. 11. 888. 0081711.

18ς. 1. 811. xlv. -1111118111111811111811.11.88.
Agnes, 11111111 111 1111811111 111 8111- 11111.

1111111 711111181118188181117111. - v. 11111 1818111. 11. 181. 17.
Agni- 1111111111 11 11118111 1218. 1. 1811111111,1181111187.1.81.Π11.

128. 01111. 118111111 81111. 1111111111 1188. 1. 1. 111.
111111 11111111111111111111111. 1888. 1. 81. 118111, 111111 von 8. 81111 11881 1. 7. 7.

ml. - 1111111288.1.88.8118
111111 11, 011111111188.1.88.1711. -- 1111111111 81111 11111111 1888. 1. 88.

- 8111181181.1.11.1111. Lm.
111111 11, 01111111, 11811 1288. 1. 81. - 1811.111111-81111888.1.81.8ῙΠ.

1117. · - 1111111818.1.118.071.
111111,8111,1111111281.1.888. 001811. - 81111 1111111111 11111 1888. 1. 187.
1111111888181800811171. 0811111.

 

