171

“ 111111111111111111.11 111, 1111.

11111111, 1111111111111111111. 1. 171.
00011.

1111111111, 111111711111111 1811. 11. 11.
mm.

1111111111, 11111111111111111. Ι. 11101.
- 1111 11111, 11 111111111131111. 1.
118. 011.

,11111 0111111111 1188. Ι. 117. 00111111.
- 1111111 1311. 71. 18. mu,

— 1111 81111, 011111 1111. 11. 1111111.
- 11111111, 13111, 11111111· 1818.
11. 17. ml.

- 1111 1111 11, 1111111111, ’11111111
1818. 11. 17. ml.

- 1111111111, 011111, 8111 1818. ΙΙ.
211111.

1111 111111111 1111. Ι. 118. 01.

11111 01111111 1117. Ι. 111. cn. -
11811. 118. cmm.

- 1111, 11111 1171. Ι. 111. 001. -
1171. Ι. 118. 0011111.

- 11111111 1181. 1. 118. 011111.

- 11111111 1111. 1. 118. 011111-1171.
1. 111001. - 11711. 111. 00111.

-11111111, 81111 1171. Ι. 111 001.
- Agnou. 11111171. Ι. 118. 001.

- 11111111, 8111 1171. 1. 118. 001111.
- 8111111111, 811111711. 118. CCX.
- 11110111111 1171. Ι. 118. 0011111.

- 11111111111171. 1. 111001.

- 1111111111, 11111711. 118. 001111.
11111111 1118. 1. 1110011181.

- 11111111, 111111178. 1. 111. ccxxxm.

- 11111111111111111178.111100111111.
111111 01111111111111, eim 1111-1181.

1. 111. 00111.

- 01111111 1181. 1. 111. 01111. -
1188. 111. 1. 818. 111.

- 11111111 1171. Ι. 188. CXCV. - 1177.
Ι. 111. cem. - 1177. Ι. 111. CCXXX.
- 1111. Ι. 181. 000111.

-· 0111111881.11.1. 171.

- Wnfflmu 1177. Ι. 111. 0011111.

- 1111111111, 1111111881111. 3111111.
1111111, 11111 11811111 1171. Ι. 181. 00.
1111111, [1111 1811. 11. 11. 111.

- 11, 81111111818. 11. 18. mv.
111111111111111181 1. 171. 00011.
111111111111111111111111 181111. 117.

cml.

1111111111 1181. 1113. 11. 111. 11.
- 1811. 18111111.

1111111111111 1111111 11, nomnen* 111
111111 1881. 11. 877. 000111.

11111111 011111 1888. ΙΙ. 118. 00Χο111.

- 1111111111 1181. 1. 118. 0011111. -
1811. 11. 7. 111. - 1811. 11. 11.
1111111.Ι

- 81111111 1818. 11. 181. 01111111.

1111111111, 711111111 1181. 1. 81. ml.
-11111111181111111 1811. 11. 111.
clx. - 1888. 11. 111. CXXV.
-11111111111 11 11111 1818. 11. 171.
cml.

-81111111111, 111 11 1181111 1818. ΙΙ.
881. 00011111.

1111111 111111111111 111111 1188. 1. 81.
xxvn. ·- 1188. 1811111.

- eomes 11 1111111181. 1. 81111111.
- 11111 Stephani 1181. Ι. 181. mxu.
-11111111111111111111 1181. 1. 188.
1111111111.

1111111111 11811. 188. 0011111111. -
1811. 11. 18. 11111. - 1888. 11. 11.
xxm. ·- 1111. 11. 188. XCVI. -
1811. 11. 18110111.

111111111111111 1111. 1. 118. CXXVI.

1111111111 1188. Ι. 11. 111. - 1188. Ι.
1111111.

1111111· 1111111 1811. 11. 11. 111111.

- 81111811. 11. 71111111.

11111111 1111111111 1177. Ι. 188. 0011111.

1111111113 111111 1888. ΙΙ. 817. 0010111.

1111111111 11, 01111111 1181. Ι. 118.
0011111111.

1111111 1888. 11. 11. 111111.

11111111 11, 111111111 plebum 1118. Ι.
11111111.

11111 8111111111 11 8111 1811. 11. 111
010.

1111111111 11., venentius 11 1111Ιί311-
1111111111. 1. 111. mvn.

1111111111111111111 :waninge-mua 1177.
1111. 818. 111.

11111113, lange 8111111111 1811. 11. 11.
11111711.

1111131111111111111111118. 1. 11. m.

1111111111 judex 11 1111111 1188. 1. Μ.
11111111.

1111111111, 11113ωεί1111 1188. 1. 111
0111111.

 

