24

sache, 110 nah 01010100 3000001 00000000 00000 Το00001 100, 11000
1001001100. 001 da 001 10 dem 0001100100, an 1000 0010001 tage.

original 001 1000001001 (011 810001.

XXVII.

1³⁰⁸, 1101001011-011100 000 Eadm 0000101101 u (1000100 (100 aua·
Heiliyenkreuz (101· 00100 0100001010 a» 01000 ammones· 001 (100 m
(11000οι bucam 1001000.

101 011100 von Puden 1000 00 010000 00 110000 0010101100 1000100.
1110001001, 1000010100 10000110000, 11 00 1010010100 1000001
0100111010101, 100 010 0101ος 30000000 101 00100100 0010 001 dem
apt 001 100 00000000 1000 dem 1011900010Μο umb einen 101100.
1001010100011001110100100οΡ00100, 0011 100 000110 00001 010001.
100 010 1011 01001 30110 101 ; 10010 mit 0000011000 guest mein 10 ge·
3010010100100 001100, (10 01 10 001 00100 (0011. 1100 ward 010
00030101110301 vor meinem 1000, dem 100000300111100101, 100 0010
000 0010 0011001101100 000100 00 000000100ος 100 waren 0001001-

101100 mein 8000100100, 11119001 (100 0100010001σὶ 001100 Vm

vor (100 minuam praedem 00 wicun, 001 100 aptes 001 100 8000-
nvnge halb 100 0100111001 von Eberdorf, 10000 100 001100 1110000000
was ze 0010000101, 001 her 0100001000 Ρο011000001010. 111100011100
10 0100, 100 1010 apt 001 (100 00000003 100 00000000110110 001 (100
guet beleiben 001011 mit aller 000 001101 mich angenomen 1100

0010000100 (1100000001, 001100130010101 1110 mmm, (00100 pawn.
vnd 10000100 0010100001 001 1001000100 0011. 1000000100
010001 0000010100 010000 001 001100 001 diser ebenung‚ 001 0001
0001 100 0110000101, 100 (010 0011000000 000 000 100 (0001001000
0000100, 100 0001 100 010 0010 hab. 00100101000 dem 0001001100
00000030 000010ος00 00100 01001 0110001ος. 1101 100 1100 001
001 11000 0000101111 0101101011 001 000000001011. 100 0100 3101 101
011100 000 Puden dison 0010100 0100001011300 00010010 11000 00010,
000010011εο 011 00010000 1001301. 001100000010000113000030, 11
(10101 3000000 0101001 1011100 01000010 0000101οο 101. 1100 0101 (110
00000000100 0100 0011010000. 100 11100011 (100 wormium, 100
orsam 1111100 1001101100, 100 011000110101οπ010100001 0010000
100 01010001, 100 Greiffe 0010100 810100 001 0010 000 100 Greiff 000
010, 100 ,1010000 (100 (0000001100, 100 (010101 (100 (001001, 100
heinrich 100 000000001οη 000 001 00100 1001 010 0010101 1011.

 

 

