sis 00 1101100 01 00 8001011321. ΙΙ.
39. XCIV.

1001110. 80000 00 Zeus-ino 1272. 1. 183.
cxcviii.

- 800110 001100οο0, comes 00 3110100
1323. ΙΙ. 03. 10. - 1323. 11. 80.
100.- 1327. ΙΙ. 10. 0111.

- 300110 v. 8101011100 1323. 11. 110. 1011.

10011 fliius 00 0000011, Petrus 13711. ΙΙ.
320. 00101.

100100,001011110001100000010 1251. 1. 128.
01111.

- filius wolfhardi 1271. 1. 188. CCV.

-111100101 11000013) 1280. 1. 220.
001011.

Pamph-ten, 81010. 11001301. 115. Vl.

- Friedrich, 8011111301. 11. 5. 11.

- Heinrich, 80001301. 11. 5. 11.

- 11011010, 8000 1301. 115111.

- 00, 1100010 1301. 11. 5. Vl. - 1303.
11.12.X1V.

- 00. 1100010, 0100011300. 11. 2011111.

- 00, 1101οο11 1303. ΙΙ, 13. X1V.

- 00, 0οἰ00011 1301. 11. 5. V1. - 1303.
11. 12111.

-00,Ψί011010 1300. 11. 10. XXI. -·
1300. 11. 20. xxm.

— 00111000, ’1000101 1301. 105. Vl.

1001 Simon 1375. 11. 305. 00011111. -
1380. 11. 338. 0010111.

-- 1111100, 1011111000 1307. 11. 278. 000111.

- Uis-ich hei dem 1001 1375. 11. 305.
0001171.

100000000001 011100 1300. 11. 257.

00111110.

-·· 000100 1380. 11. 257. 00111110.

10101010 00 00010 00, 1100000100 1188. 1.
251111.

Psvo 01110110 1278. Ι. 213. 001111.

10001 01110110 00 1107. 1. 30. xxm.

10000000, Uli-isus 12071. 381111.

1000100, possessio 1317. 11201. 010111.

10001000, possessio 1311. 11. 32. XXXV.

Pech Heinrich 1380. 11. 3381101011Ι

- hosen 1111. n. 11. 11111.

- wnifgsng 1380. 11. 330. ccxciv.

Pshsm 000100 00 001 11100111 1300. 11. 257.
00111101.

- 000110 1382. ΙΙ. 352. CCCV.

·- 1110010110 1382. 11. 352. 00011,

- 0110 1382. ΙΙ. 351. 00011.

183

100010 10101. 001001 11οο00110100 1380.
11. 337. 001011.
1000110 11010110111370. ΙΙ. 307. 00011111.
-1381, 11. 350. 000111.
100100 possessio 1217151. 111711.
1101101010 1232. 1. 80. 0111.
- 00010000, 01011130. 02. 1. - 1130.
1. 3. 11. - 1178. 1. 121111. - 1188.
Ι. 21. XV1.
Pehgius 0010. 0100. 8. husius 00 sepis
solis 1210. 1. 15. 11111.
1010001100, Friedrich 1301. 11. 7. V111. -
1301. 11. 8. vm.
10100011011110011111 1358. 11. 210. 0011.
1011000011 00, 11001 1291. 1. 275. 0007111.
- 00, 1001001381. 11. 350. 00011.
- 00, Ι1001011, 10101. 1380. 11. 312.
00107.
- 00. 1111001101 1260. Ι. 118. 00111.
- 00, 01110110 1200. Ι. 118. 00111.
10110000110110 0110000111 1302. 11. 207.
001011.
10101011100110110 1278. 1. 212. 001111.
1010110011 1290. 1. 207. ccxcviii.
Ρο10οΙ 0000010111001 1303. 11. 12. 1111.
10100000 00, 0011101100 1230. 1. 73. 011.
1101001010, 1100010110υοοῃ 1312. Ahg. 11.
10111.
Ρο10011010,0101 131311. 187. 0011111.
Pergin 01110 1338. 11. 1750011111.
Pergsu 00, 001010Ιο 1311. ΙΙ. 188.
00111111. - 1353. 11. 218. CCIX.
- 00, 00110010, 0011100101 in 00101-
10100 1305. 11. 271. 0001. - 138011.
287. 00011.
- 00, {iugo 1203. 1. 321111.
— 00, 0111000 1281. 1. 230. 00011111. -
1321. 11. 105. 011. - 1301. 11. 15. 11111.
- 00, ulrich, 101101· 1311. 11. 180.
00111111.

101300 00, 110011001150. 1. 8. 1V.
1010101110 1100100000 1321. 11. 72. LXXV.
Pernsck 00, 3000001100 1100-1210.1.
.27. 111.

- 00, 0111001 1190-1210.1.27.111.
101001 Heinrich 1317. ΙΙ. 53. 011111. ’

Perner's 1101 011 11001100 1331. 11. 110.
01011.

1010001 71ἰο01100 von Gumpoldshirchen
1378. 11. 320. 00011171.

1010030100, miles 12001. 288. 00011111.

31·

 

