1111

111 111 genunt 111, 111 11111 111111111111111Ν11111111111

. Dratlaufe. Burger 11 1111111, 1111111111 111 1111111111111111111

111111ςὶ111, 1111 111111131111111 1111111111 1311111111 1111111111
111 1111111111111111111 1311111111 11111111 111111111111111181· ·
horungen 111111 11111111 1111111111 1111111111, 111111 111 11111 1111 111
111111 111111 oygen 11111 mit 111111 11111 mugen, 1111 111 111111
11 1111111111111 11111111 11111, 11111 111111 1111111111111111111
1111111. 1111 11 1111111 111 ewiger 1111111111 geben 11111111 Clo-
1111111 111 8111111111 11111 brif. 111131111ιί1 1111111 11111111111
1111311, 111 geben 11111 Ν1111111119 11 11111 111111111011111111
311111111111111111111111 111111 11 dem sibenzigstem iar 1111111·

woehen 111 111111111111.
01111111 1111111111111111 8111111111.

XVI.

1111, 11. 111, 1111. - 111111181111111111111111 1111111111 den 1111111111-
11111111 St. Nicotaus 11 Wien 1111 Μ11111Ῑ1111111 mmmmm, 1111111
(1111111111 scine Vnt-fabren 1111111111 111111.

1111111111 1111111111, 111 (11111111111111111111111111 bei
11111111 11111111111111111, tun 111111111111111 dem brief, 111
111111 11111111 111 1111111111 11111111. ,11111111111111111 ..
1110111111111 11111111111 11 11111111, grabes 111111, 31111111 111
111111111111111 mit gulen 11111111111111 11111111 111 1111111111.
111 si von 1111111111111, 1111110111 von anern. 111111111111
Beyem Stephana 111 1111111311 11111νί1111, 111 got genade, 111
1111111 vater. Hertzogen Stephann habent gehabt 1111 111 1111111,
1111 1111111111 111 11111111 11111 1111111111111118111111 111 1111
111111 11111111 11111111111111 11111111111111111111 11111113 11
1111 1111111, 1111111111 11111311111111 1111111111 11118111, 11 111
1111 111 11 mit gowenhait 1111111111 111, 111 111 111 brief sugent.

diesi 111 11111111111111111111111111111. [11111 111111 111 gebin· ι
111 11111111111111 1111111111. . 1111111111 . ,1111111111 111 1111111-
11111 1111 111111 11111 111111, 111 11111111111111111111111
11111111 1111111 1111111111 11 Ρ11111111111111111111 1111111111

1111111,11111111111131111111 1111111 111111 111111, noch mgelt
1111111111111111,111 11 11111 mit 1111111 11 11111111111111111.
11111111 noch 11111111 1111111111 1111111, (1111111111 wir 111111

 

