818

11111111881. 181. - 1188. Ι. 1811.
- 1187. 1. 18118. - 1187.1. 18. 111.
- 1187. Ι. 8811.

1111111 1111111111 11 811111811111817. 11.
888. 81811.

- 111118111 1817. 11. 888. 81811.
-1111111111, 111111111 1817. 11. 888.
81811.

111111 der 11111 111 mmm 188111.
218. ccvi.

Veneto 81111. 111 11118 1821. 1. 87.
11111.

1111111111 11, 1118111181 1888. 1. 818.
cumn.

veter 81111811 1881. 11. 7111.

111111 der 81811 1881. 1178. 1111.

11111811181, 8111111 1881. 1. 188. 81111.

111111 118111111888. 1. 288. 881111. -
1881. 1. 288. 881111.

- 81, 11811181, 1111111111 1881. 11. 1.
11.

111111 de, 111111 1878. 1. 788. 88111. -
11111 1278. 1818881111. - 1778. Ι.
271. cen. - 128818888811111111.
- 111111 1288. 1. 771. 881111. - 1888.
1888881111111.

111 molendini 1188. 1. 8. Ι.

111111111 1111111 1881. 11. 78. mv.

11111111 de, 11111111, 11111 1177. Ι. 18.
vu. - 1771. 1. 178. 81811. - 1772. Ι.
181. 81811. - 1877. 1. 888. 88111111.
- 18781818881111111. -17881
788. 8811111.

111111, 111111811311111818. 1. 18811811.
- 1811. 1. 188. 81. - 1818. 1. 118.
811. -· 1781. Ι. 188. 811111. - 1881.
Ι. 181. 8111. - 18881. 188. 8111111.
- 1288. 1. 181. 811111. -1888, 1.
181. 811111.-1288.1.118.81’1.11.-
118881. 1888111111. - 1871. 1. 187.
88111. - 1271. 11888811. - 1778.
Ι. 881. 88111. - 127818888811111.
- 1778. 1. 888. 8811111. - 1277. Ι.
788. 881111. - 1777. 1. 288. 8811111.
- 1777. 1. 887. 881111. - 18771111.
817. X. - 1777. 111. 1. 81811. -
1778. 1. 718. 8811111111. - 1878. 1.
2288811111. - 1888. Ι. 281. 88111.
1888. 1. 788. 881111. - 1881. 1. 888.
8811111. -1881, 1. 818. com. -
1888. Ι. 818. ccum. - 1888. 1. 818.

881111. - 1888. Ι. 818 ccum. -
1888. 1. 217. 88811111. - 1888. 1. 888.
8811111. ·- 1888 Ι. 881. 88111111. -
1887. Aeg. Ι. 818. 11111. - 1888. Ι.
881. 8818. - 1888. 1. 888. 88181. -
1288. Ι. 888. 881811. - 18881888.
881811. - 1888. 1. 888. 8818111. -
1788. 1. 278. 88811. -18888278
88811· - 1881. 11. 8. V. - 1888. 11.
11. 111. ·- 1811. 11. 181111. - 1818.
11. 18 11. - 1811811. 81. 1111. -
187111. 87111111- 1881. ΙΙ. 78.
mvn· — 1888.11. 188. 8111. -1888
ΙΙ. 181. 8111. - 1888. 11. 188. 81111.
-1888, 11. 1888181. ·- 1888. 11.
188. 8111111. -· 1881. 11. 1888111111.
- 181811. 287. 881. - 1888. 11811.
cclv. - 1887. 11. 887. 881181. -
1888. 11881. 881811. - 1887. 11. 818.
cccl. — 1888. 11. 818. 88811. - 1888.
ΙΙ. 877. ecem. - 1818. 181. 11. 188.
1. - 1888. ng. 11. 118. 11.
1111111 1111111111.11111111 1277. 181. 1.
818. X.
- 81. 11111111 811111111111 1887. Meg. Ι.
818. 11111.
1111111111 81111 1888. 11. 187. 8111111.
- 81111 1888. 11. 188. cuv.
1111111111 pratum 1888. 1. 881. 88111111.
11111111813111111 1278. 1. 118. 811811.
1888. 1. 818. 8811111.
1111111111 de 11111111, 1111111 1888. 1.
78. m
8111111118 1881. 11. 781111.
- 81111111 1881. 11. 7111. - 1881. 11.
78. mv.
1111111 1111111111, 11111 1888. Ι. 128.
8111.
11111111111111 1881. 1. 181. cm.
1111311811111111 1787. Ι. 888. 888.
1111111111 1788. 1. 188. 811111.
1111111 187811881. 888111.
1111 81., de, Ruga 1888188111.
- 81. de, 11111118111888.1. 88. m.
- 1818. 18811111. — 1288181,
hm.

- 81, de, 811111 18811188881111.
1111111 Sanctum 1887. 1. 1888111111. -
18181118181.. - 188811. 181. 81.
111111 11111111 1788. 1. 188. 81111111.
- 81, 8111111111818.1. 117. 81.

 

