011111111111111110. I. 100. 0111111.-
1171. 1. 177. 01011. - 1101. I. 180.
0001111. - 1310. 11. 11. 1111. -
101011. 110. 01111.

1111111 1111111 0111111 11 011111111111111.
1, 110011.

0111111111 procurator 1111 prodii 1110. Ι.
101. 011111.

omniun marquardo· 1110. 1. 101.
01111. - 1110. 1. 111 0111111. -
1110.1. 11101111. - 11011. 111.
011. - 1111. 1. 111. 01111.

- unq-ardu· 111111, 1111111701171.
0111111.

- 1111111,111111170.Ι. 171. 0111111.

vagorum 1100. 1. 101. 00101.

1111111 01111111 1111. 11. 101. 0111.

Urba· 111., 11111 1107. 1. 17. 1111. -·-
1107. 1. 10. 111. - 1187. Ι. 10.
111.

1111111111 de, Rtpoto 1118. 1. 111.
CXLIII. - 1111. 1. 111. 0111. -
1111. 1. 101. CLXXII.

1110111111, 01111. 11101111ιί1 1100. 1.
101. 001011.

111111111ς11,1111111 1101. Ι. 111. 0111.

111111111311117. I. 11. 111111. - 1117.
1101111111.

- 0111111131111, 115111111ςί111 111111
1070. 11. 311. 0010.

vum de. pagana· 11111. 131. cn..

vau panna 1111. 1,. 1111. xx -
1101. 1 170. 00011.

111111111111111 1170. I. 171. 01111111.
- 1111111110. I. 110011. - 11701.
101. CCXIX. - 1171113. 1310111.

1111, st, 1111111101. 11. 110. 0111.

1111111111 01111111111310. ΙΙ. 110. CVII.

1111111 1177.1. 110. 001111.

111111 1103. I. 100. 0011.-1181.1.
111. 00111.

- 1111011111 1111. 1. 111. 01111.

- 1111101110 1181. 1. 111. 001111.
- de, VriderIem 1117. I. 130. CXLI. -

1111. 1111. 1111. - 1111. 1. 111.
cmvn.

100

11101111 1., 1111111308. II. 108. 00111.
- 1370. 11101. 001111.

-11., vaput 1081. II. 310. 0001. -
1181. 11. 010. 00011. - 1000. 11. 310.
000111. - 1083. ΙΙ. 311. 00011. -
1301. 11. 317. 0001111. - 138011.
071. 00011111. - 1300. 11. 070. 000111.

1110111111 011111 1311. 11. 111. 001111.

ummah 011111, 11111 1111111 1071. 11.
100. 00111111.

01111 de, 111111, 1310. 111. XXIX.

- 11, 1111311111, 011111111010.11.11.

1111.

11111111 11111 1170. I. 111. 001111.

01111111 1180. 1. 111. 00111101.

011111, 11111 1181. 1. 11. 11. - 1110. 1.
10. XXXVI.

11111111, weingarten 11 Sin-Ing 101011.
110. 0111.

0111111 11111111, 11111 1100. Ι. 70. LXIV.

1111111111, 1111111111, circ· 1111. 1. 11.
11111.

- 11, 1111111001. 11. 101. 011.

1111111111111010. 11. 100. 0011111. -
1017. 11. 133. CCXX. - 130011. 100.
001111.

- 1111311111, 1111111111 1010. 11. 130.
CCXVIII.

Verurg 0111, 11111 1108. Ι. 11. 111. -
1100-1110. 1. 10. 11111. - 1100-
11101. 17. 111.

1111111111 1170. 1. 117. 0011111.

11111111ςά1, 111111111111111, 11111 1110
-1110, Ι. 107. C. — 1118. I. 111.
0111. - 1110. I. 113. 01111. -
11101. 110. 0111111.

- 11, 011111111111, 01111 1101. L 100.
0011111.
- 1111111113111101. 1. 100. CCLVIII.

Veldnberg 11, 0111111011 1100. Ι. 110.
CLXVIII.

1111111111 Eberhard 1000. II. 11, XXVIII.

1111111 11, 0111111 1101. Ι. 110.
0111.

1111111,0111111013111111 1100. I. 187.
0001111.

 

