2

sei gestiss, 1111111111111, 1111111111111111111111,1111 1111 1111111
111, 111 11111 wir alles mit 1111111111111111111 geben 1111
111111 1111Ν111 1111111, 111 1111111111111111111 111111 1111111111
111111 111111 Got 111111111111111111111111 111 durch 11111
11111111111111111111 1111 111111111111111111111 11 dem Hailiqen
01111111111111811111111 genunium 1111 mit 11111111111 1111, 111
111 1111111111111119111 111 1113111111111 111111111111111111
Τ11111111111 haben sol 1111 111111111 1111 111 111 11111111 1111 11
111 111 11111111 (11111111 11 11 dem 1111ἱί911 01111111 111111
811111111 11111111 11111111 1111111111111111 da 11 dem Tommleim
11111111 frumen 111111111111111111 111111111 111 geben 111111
11 1111111 111 111111111111. 11 1111111 111 1111111111 1111111111 11 11
1111 1111119111 Chreme 111 111 81111111 31111111 111111 1111
11111 1111 111111 11111111 111111111111 osterreich 11 11111
0111111111 1111111111 1111111 1111111111 11 1111111 1111111111 111
dem vorgenanten the da 111111 Τ11111111111,111111111111111111
[1111111111 111. 111 111111111111111118111111 11111111 111 1111
1111111111 111 111 111111 111111 11 (1111111111, 11 11111111111111111
1111 1111111 11111111111111 111111111. 111 111111 1111 111111111
1111111 11111111 11111 111111311111 willon 311111111111, 1111 11111
1111 111 11119111 11111 1111 11111111 111, 11 111 1111111111111
dem vorgenanten Gotshavse da 11 1111 1111119111 1111111111 111
81111111 11111111 1111111111 11 111111 1111111111111111 111 11
111111 offen gezivge 111 11 11111 1111111 111111111 1111111111 111-
sigilten mit der 1111111111311 111111111 311111111111111, 11 111
- 1111111 111, 111 11 11 111111111111111 111111111111111111131-
haugen 1111, 11111 111 111 111111 31111111 111 1111 11111 gabe gewo-
sen sint. 1111 111111 Greiffe. her Hayme. 111 oue sein prvder. 111
1111111111 111 Zolr von Radavn. 111 Wolfqer von Awe. 111 Otto der
0111111111. 111 1111 11111 gabe gozivg 1111 mit 11 11111111. 11111111
1111 gezivg 111· 0111111 111 Ρ11111111111. 111111111111111111111.
111 Pilqreim ze 111 111111 1111111· 1111111111. 111 Heinrich sein
111111111111111111 111Ζ1511 111 11111 frome. 11111 111111.
111111 11111 111 geben ze 1111111 an saud Peters 111 1111 11111
tage nah 111111111- gebvrt 11 1111111111111111111111111111 1111.

01111111 111 1111111111, 111111 6811111 111111.

 

