158

1100001000 0000001000 12001. 00. mxvii.
-1200, 1. 100. 11111111.

11011111ηο 1200. 1. 104. cmm.

110001 00100 1000. 11. 200. 0000011.-
1000. 11. 204. 00111111.

- 001 Si. 1110100 1021. ΙΙ. 77. mv.
iinngnrlhnl 1204. i. 270. 0001111.
1100000101, weida 1001. 11. 7. 1111.
11000000 000000, 010101100000010 1270. 1.

200. ccxvi.
1000100110 100011. 077. eccm.
1100000000, 000011000011000101 0011001100,
01000 11021. 1211.
- 01001000 iios-¹22³. Ι. 28. 11.
- consobrinus ignotis 00 8100000100

1200. 1. 2100001111.

- 0010000 1201. 1. 102. 001111.

11000001 001 000 00010 im. 11. 110. 0111.
-101001080 11. 070. 0001111.

- 000 1000 000000 1000. 100. 11. 401111.
-1100000010,110001000 1080, 11. 070.
0001111.

Ηο0000001000000 1001. 11. 7. vm.

1100000, 00000001οο 0001 prodii 000110111-
00010000 1000. 0. 1400111111.

110000 11010000, 1110101001οΙ 1200. 1. 04.
1111.

110001οἰ0 00 1100001001 101011. 411011.

110010000011074.11. 002. 0011111.

1100100 000000 100111. 104. 011.

11000000000010, 01000 1177. i. 10. 111.

Hermann 000000, 1100000000 0001111001010
1002. 11. 0. 1.

-- 110000010110000003101011101011.
-111010100 00 10001100ος 1010. 11. 42.
11111.

- vnn 01. 101100.11100100 10 wion 1010.
100. 11. 40711.

- rom 00011ομ0000 1021. 11. 74. 0111.
- 01010010οΙ 00 1100010000 1017. 11. 200.
cxcvi.

110000000012021 100. cuv.

ι- Herzog 0. 00100. 000 010000, 1000101.
01100. 1240. 1. 110. 011.

- Grai von 011111002. 11207. 001011.
- 0000010100 0000070001001000000 1207.
10001111.

·- 0. 111. 110000ος 12001. 220. 001011.
- magister 00010 nori 0000110000 110111-
30010000 107011. 020. 00101.

- 00000000 1227. 1. 00. LV.

1100000000 00000000 1200100. 0111111.
- grannius, 01000 12001. 1220111.
11000010, 010000 00, 1000. 11. 221. ccxiii.
1100001000 7000000000 1200. 1. 240 nemu.
110οη0οι1010 010010, nomer jnrnnit (1107.)
110111.

1001000101000,110001000 1108. Ι. 24. xvi.
- 1108. 1. 24. 111.

1100100 100000 1000. 11. 200. cem.

1100100010 000 710110011101110 1004. 10011.
400111.

1100101000110100010100,111. 11000οῃ 1200.
Ι. 220. 001111.
110010 110., 00000001000001011000000000
000 0011100010000 101711. 40. 011.
11001010 vnn 001 1012. 100. 11. 100. 11.
1100010000.1.111001010 1201. 1. 101. cm.
110000, 0001010010οῐ predii 00 110111000-
10000 102011. 107. 011. - 1001. 11.
202. 00111.

0000000000ος 001 00010010000011000, ΙΙ.
100. 011111.

1100000000ος 1020. 1100. mm.

Hernngin weingarten 1084. ΙΙ. 000. 0001.

1100000ιο000, 1101ος00100 nn Bennoidndnri
1000. 11. 200. 000111.

11000000110001000, 01010 1100000010 1270.
Ι. 100. 0011.

1100000 00000000 1270. 1. 174.
cmxvii.

110100001 0001001000 1280. i. 225. 000111.

1101010100 01110 1277. 100. 1. 010. 111.

11010οΙ 0110 1020. 11. 01101.

110100000000001, 1110000001010 1078. ΙΙ.
010. 0001111.

1100ςο11000οι werd 00 110000 1007. 11
200. 0011. —- 10501121000111111.

Hnukogel 1210. Ι. 00111111.

11000οΙ 1110010000 1011011207. 00111110.

110000101ηο 00011100 1000. 11. 281. 00011

1100000 01010000 1020. 11. 01. 1111111.
- Friedrich, 0000000100110011031022.
11. 00. 011111.

- Friedrich 1007. 11. 171. cmm.
- 00110100, 0000001022. 1100. 011111.
- wernher, 000000 1022. ΙΙ. 00
mxli.

-1111000010, 1100101010 1022. 11. 00.
011111.
110000 0001010000, 01100 1000. 11. 140.
0111111.

 

