182

0111 0111111 11 01111 0111112001200.
00101111.
·- 1111 11111 11111111111101111001. 113.
11. 100. 111.
- 1011111111 100011. 0. 111.
- 1111111 1111111 1001. 11. 1112011111.
- ooooo 1271. Ι. 102. cclx.
-11111111111111111 01 1111111111 1280.
Ι. 201. 01111101.
011111 0111111111 1201. Ι. 270. 00011.

P. 1111111 1111111111 11111111111111111
12101. 118. 0111.

111111111201. 1270. 0001111. - 1012.
11. 001111. - 1001. ΙΙ. 102. 011111.

- 0111111111 1010. 11. 207. 0011.

- 1208. 11. 201. 0011111. - 1070. ΙΙ.

200. 0011111.

1111, 111111 von 111111111111111ς 1270. 1.
2110011111. - 1200. 1220. 001111.
- 12001. 200. 001011- 12001.
200. 0010111.

- io 01111111111000. 11. 0. 111.
11110111 1017. 11. 18. 111.
1111117111111 1080. 11000. 001011.
111111111111111 1200. 1. 121. 011.
1111111111 st.. 1111111111 1050. 11. 221.

001111.

1131111 ,1111111111 1012. ΙΙ. 00. 1111.

111111] 0111 1111111 12721. 101. 01011.

1111111111 1111 cometen-ium 12701. 171.
01111111. - 1270. 1. 177. 0101. -
1271. Ι. 100. 00111.

- 11111 1111111111111111111 1270. 1. 202.

00111.

- 1111111111111111 1277. 1151. 010111.

11111111, 1111111111 0111 1201. 1. 272.
00011.

-111 1111 0111130111 1201. Ι. 270.

00011.

1111111111111 11111 11111111111 1270. 1. 171,
01111111.

1111111111 111. 01111. 11111. 111. Apostolorum
1107. 1. 20. 11.

11111111111111111 1081. 11. 002. 00011.

1111 1111111111 1001. 11. 117. 011111.

1111111111 1021. 11. 77. 1111.

111111101111200. Ι. 100. 0111111.

0111111111 01111111 1200. 1. 212. 001111.
- 1280. 1211. 00111.
0111111, 01111111 12001. 110. 01111.
- do, wolfgerus 1280. 1. 210. 0011111.
0111 100011. 111. 0111111.
0111, 11111 1010. 11. 100. 010.
- 1000. 11. 200. 00111.
0111 eustanum 1002. ΙΙ. 208, 001111. -
1070. 11. 027. 00101.

11111110111111, Loo 127012100011111.

1111111111 do, 1111111111 1201. Ι. 120.
01111.

111111111111111, 111111111111210. l. 101.
1011.

1111111111111011111 1010. 11. 200. 0011.

11111111111111 0111111 1008. 11. 200.
0011111.

1111111111, Rogo 11011. 11111.

111111 100011. 1000111111.

11111111 1111111111 1030. 11. 10001110.

1111111111111111 1021. ΙΙ. 72. 1111.

11111111210. 1. 100. 101111. ·- 121011.
100. 1011.

11111111 1001. 11. 11. 111. - 1001. ΙΙ. 10.
1111. - 1021. 11. 7011111. - 1081.
11. 010. 000.

11111νί11111 1111111111111111111020. 11.
001111.

11111111110111 11, 11111111 vidua 1200. Ι.
100. 011111.

111110111111111 1021. ΙΙ. 77. 1111.

1111111111111 1001. 11. 270. 00111.

11111111111 11111, 11111 1111011111 11111
1000. 11. 287. 00111.

1111111 01111111, 1111111111 1021. 11. 70.
1111. “

11111, 1111 1. 1111111110 1012. Aug. 11.
101111.

1111111 11111111 1187. 1. 22. 11.

- 01111. 1. 1111111111 1002. 11. 200
001111.

-11111 cancellarius, 111111. v. Vesorin
12721. 180. 0101111.

(1111011111111.1110111111 1018. 11. 10.
111.

1111111, 111111111111111, coneo 81111111·

 

