112

01101111 011 einum 1100. 0. 101.
001111. ·- 1000. 11. 170. conl.

0110111111111110.Ι. 111. 011.

0131111, 11131, 1111111771. 10. 111.
- 1101. 1. 01. 1111. - 1110. Ι. 10.
mur.

-· 0111111111, 011110111110110111111.

0131101111 11001. 117. cun.

0131111010· 1111110 1010. 11. 10. Lu.

011111113 0111101000. 11. 000. 001011.

01101101111111111111 1011. 0. 101. 01.
- weingarten 11 1111111011 1001. 11.
111. 00111.

- 11111 1111. 1.17. 11111. - 1110.
1. ’00. 11111.

011111 01111110 1011. 0. 70. mv.

- 011111111 1001. 11. 7. 111.

- 01111110 1010. 11. 11. mx.

0111111101111,1111111111 1110. 1. 110.
00111101.

0011011111 11113111, 01011311 110111
111 01111 1000. 11. 11. 11111.

01111111 11111101. 00011101.

0111111110 1100. 1. 110. 0001111.

01111111 11, 1111111111 1100. 1. 100.
00011111. - 11001100. 0001111.
- 1017. 1100. 11111.

- 11, 1111111 1010. 11. 07. mum.
·- 11, 1111111, 111111 1171. 11. 107.
00011.

-11, 0011111 1010. 11. 1700011111.
-11, 0111 1017. 11. 00. 01111.
-11,11111111 1100. 1. 111. CXLV.

0111111 111111 1101. 1. 00. 011111.

1111011111 mileu 1101. 1. 000111.

01011111 11 neurim 1111111 1101. Ι. 01.
Lm.

010111 111 111111110111011 1001. 11. 170.
0010111.

01111111011131111111111 1000. 11. 110.
00111111

0111111 111 01011111 1000. 11. 110.
0011111.

0110111111, 01110. r. 01110113 1111100.
011.

01011111 1111, 1111111111 1007. 11. 170.
00011.

- 11111101011311007. 11. 170. 00011.

1111110110, Here. 1011111. 11011111 1100.
1. 100. 001011. - 1100. 1. 100.
0010111.

01010110, 110111011 111 011111101111
’1110111 100011. 11111.

·- 1111111 111111 1011. 11. 01. 1111.

-011111001111111 zu 11111 1000. 11.
070. 00011.

0110110, 01111η111101011111111.1113111-
11111001. 103. ΙΙ. 111. 11.

011011, 01111111 111 11111111 11110111 rm
103. 11. 110. 111. 11.

011011, 1110111111 r. 1110 010111111 1011.
103. 11. 101. 11.

1111111111, 110113 r. 013. 1100. 1. 00.
nvn. - 1100. 1. 00111. - 1111.
103. Ι. 100. 1.

·- romeu Simegieneie 1171. 1. 101.
0101111.

001111111111171.1. 170. 01011.

00311111111111 , 0111 1101. Ι. 1000011110

01110113 11, 0111011111 1107. 1. 00.
xxm.

1111110111, 01110. v. 1111111311 1100. 1.
100. 0011111111.

aa. 1111111111 111, 1001. 11. 110. 0011.

angelbertus 1101. 1. 110. 01111.

- 11 0. 0113111101 1170. Ι. 110.
comm.

Engeldiehin ror dem Neunkireher Ther
1011. 11. 770111.

013110101101111101 1011. 11. 71. Lm.

Engelbreeht'e 11111 111 0111111111 1071.
ΙΙ. 117. 010111.

01311111οο1 von 0111101111 1011. 11. 77.
mv. - 1011. 11. 71. mv.

0131111111111, 11111 1110. 1. 00. ml.

0131111011101011111100.Ι. 110. 0011.

01111011 Friedrich 1071. 11. 001. 0001111.

01110101130 11, 011111 11 Gregorius
1070. 11. 010. 00101.

0111111111 1000. 11. 111. 01111111.

011111111111, 0111111111 1170. 1. 171.
CLXXXV. - 1170. 1. 170. 00111101.
- 1171. l. 170. CXCIV.
-1111111701011-1110110
XXXVI. - 1102. Ι. 101. culn. -
1101. Ι. 100. 00111. - 1177. 1. 100
ccxxv. - 13⁰0.11.8.111. - 011.
11. 11. XV. - 1000. 11. 15. 111111. -·
1311. ΙΙ. 05. Lxxu. - 1³21. 11. 70
LXXV. - 1017. 11. 110. 01111. -
1000. 11. 100. CXXXV. - 1000. 11.
107. CXXXV. — 1001. 11. 101. 0011-

 

