CXXV.

1³³⁰, 1. 110001 , When. — 1100010 der Auca· 1101100011ωο men 0000001
1111110110 101 cun 110110 11011011 von 80101010 comacum &dmm-

und 1011100001111000.

Wir Pruder Jacob 011000011001011010 dem 10011000 eumue
101 wir 0101011111101000111010111101 und wir 010101 Maec
01110101 0101001101100010001000000 gamain 10 0011000, 10110101
101110 01001 allen 100. 110 11000 01101 100001 010110100110001,
110 00101001 101 hernach 011011101 0101, 100 101 0110110010, 101
uerum 000 8011100101 0111 10011001 11100100 101 0111 00101 0010011
1011011101οη durch 001, durch 001001 0010101 durch 0010011010110001
00100 willer, 1100 10111010 101 0110 110 101010 0010 willer 10 Τ10010,
100111011010110100 0111 100 00101100 10100010111101 010 011100
messe, 110 1000 0110 Το00 00100100 00101 10 1000110 8100110100 101
101100 101 0101 00100 101001110100 110111101 100101 8111010 11100001
0011101100, 10 zuen 1010110011101 010000 001010100101 010001000 101
010 10011010 100101. 1011111 001101 0001110100 0011011 0010 1000101
01100101 00 111110. 00 101 110 selben 10100000100 010000 0110 0100100
10000101110000 010 01100101 00100100 00101 0110 Το00 100010 011000
001 ze 1010 10 dem 000000100 8100110100 101 110 001010 1100100 101
0001 01000101 01100101 101 00101 110 0011001100 100000 0110 1100100
11111010101 000100 ciuem 01100101 101100 100 001010. 11011011
101 1001010 00110101 011100101111100100 1011 001 101 00010101
01100101 00100 1100100 dic vorgcnuntcu 100000 0110 ’1000 00110110101
0000100100 101, 010 01 10 100110 00101, Deru schol mun 00100110
001100 1100100 0110 10οΙ zv 001001 0111010 100010 ’1110010110 01000
01001 110100 101 010 11011 101100 0101 101 01100 000110101000110110
100 11000100. Dic 0110101 010001000 11011 0010, 0101 11100 101011
11100001 010001000 10 101, 01 100 101, 101 1000 1011100010
01110010100 0100110 ; 0100 0111 001000000011010, 1011111001οε
000111101οη 0000101101οο 00000 101 101000100 10100 1011 100010
Τ111100, Dur 111100 1010000010 0101001010 00011 101 0101010100
00111100101 000111010100 10110100 11011000 1001100110, 01000 11000
01101 0000111100 0101 101 01010101001. Prior 0101 0101001 0001100
011011101 11111, 101 1110 1010000010 001001010 1101011 1011 worden oder
mit werchcn 101 110 10100000100 0011000 100000 110101100, 00 101
010 0100110000, 101 00101 001 101 101001101100001001110010100

 

 

