182

dorflein 1111 Seysn’d 111 1111111111, ott 111 91111111 ze Clusa
111 111111 111111 1111111111, 1111 11 1111111 1111111118 1111 11

111. Dim 11111 111 11111111 111101111111111111111111111111111
11111111 111 11111111 11 11111 11111 1111 1111111111 1111111 dem 1111111111

Origini 111111311111, 1111111 11111 811111 1111111.

CLXXIX.

184118. Ihm. — ,11111111 111· 11111111 von 11111111 1111111111 11111111 -
omem 111· Auen· Heilt‘qenkrm “f 111111 Todsall 1111· &istm Γ
1111111111 111 Hm Ι111 uades.

111 11111111 111 Ρ1111111Ρ11111 111 111 Jeut sein 1111111111
1111111111 111 tuen 1111111111 den, 111111111111 1111111 111111 -

’ 111111. 11 11111111111111111111 11111111ςεί11, 1111 111 mit 1 ,

1111111 111111 111 guast 1111111111 111111 11111111111111111 w
11 1111111, 11 11111 1111 111111 1111111111, 111111 111 11111111 -
11111 1111111111 11111111 1111 11111111 11111 1111111 1111111 ’1 1 =
11111 1111111111111111111111111111 11111111111111111 111 ι 1
1111 1111111111 01111111. 111 1111111 111111111111 herren 11111 ι.
11119110111111, 111 11 uigens guet 111 11111111 1111 111
1111111011111111111111 1111111113 1111111111 munz 11 1111111111 11 ιΔ
111 11111111, 1111 11111 111 111111111111111 11111111 1111 »
11111Ρ11111 111 willon 111 11111111111111111111 11111111
111111111111111, 111 111 111 1111111111 111111 1111111111 111
1111111111 ewigen iartag mit 1111111111 1111111 11111 111 1111111-
11 1111 811111111. 111 11111 ,111 selben tages 1111111111111.Ι
11111 111111 mit den 111111 111111. 1111111 11111111 111111 daun 11 ·>
111111111111 111 1111111111 01111111 pey 111 111111 1111111111 1111111 ¹
111111 111 1111111111 111 di 1111111111 1111111 1111111111 1111 111 gen
gen mag 111 111 1111. 111 11111111 111 imag hegen 1111 1111 1 ’
11111111 tages 1111 dem Perchtag 111 11111111 auch 111 vorgenan
1111111111 111 ΡίσιιΙε 1111111111 11111111, 1111 11111111 1111 (11
1111111 111111 1111111111, 11 11 wellen, 1111 schol 11 1111111 ¹
geben, 111 11 1111111111. 11111 auor, 1111 111 111311111111 herren
111 8111111113 1111 dem Heiliyen 01111111 111 11111111 11111 11111.
11 dem tog, 111 1111111111111 stet, 1111111111111111111111 ,
tagen, 11 11111111 1111 11111 11111111 1111111 11111111 111111 desse 1
11111 1111 1111111111, 11 111 1111111111111 11111, 111111 111
11111111 111 1111111111 1111111111111111111. 1111 111 11111 · ³

 

 

