271
111 1111111111 8111111119 111111 11 111111111111111111 1111
111111 111 11111111 1111111111 11 111111111111111 111111 1111, (111
11111131111111111111111111 111111 (111 1111111111 11 dem Heiliyen
01νᾶ1111 111111111111 1111111111 811111 des grozzen pantes oder der
1111111011111111111111111 111 11111111 111111 111111111111111111
11111111 111 an 11111111 111111111111111 1111111111, wie dev
1111111111, 111 11111 11111111111111111 1111111111, daz 111111-
11111 (111 11111 1111111 111111111111 genad, (11111 11111 1111111111
1111111111, (111 111 1111111 an in merten 111 11 1111111111 11111
1111111111, 111 111111111111111, 1111111111 111 1111111111 31111
11111111311111111111111111 bestetten,daz 11111111 1111111111 11
11111113 111 111111 111111 1111111111 1111111. Nu haben 111111
enzig 111 11111111 gepet angesehen, 1111 11111 11 111111 1111, 111111
11111 1111111111 1111 11111111 1111111111, 1111 111 111 1111111 111
saliga 1111111, 111111111111111111 111111 [111 3111111 11111 31111111
111111, 1111111111 11111 11111111, 1111 11111111 wellen, 1111111111
11111111 11111111111111111 11111111111 1111 mit 111111 brief
1111111111, 1111111 obgesehrihen goistliehen herren 11 dem 1111119111
(1111111 11 0111111111 111111 1111111111 111 111 1111 1111111111-
111111, 111 1111111111111 11111111 heyden 1111111111 11111111,
diesi 111 11111 3111111111 111 111111 1111 111 111111 1111111111
111111 haben& 111 111 111 111, 1111 111111111111111111 11111111
1111181111 111 3111111 pantes oder der gromen Chuffen, wie ez
1111111111, 1111111111 11 11111 111111 1111111111 111 11111111 111
111111 11111 11 111111 111 111111 111 111111111111111113111
111111. 111111 1111111111 111 11111111 wir 11111111 111 111111Η11111
1111111111111111111,1111111111, 1111111 111 11111 111111 ampt-
111111, gegenbfirtigen 111 1111111311 1111111111111111111111, (111
11111 ongenanten 111111111111 herren, 111 111 11111111, 3111111 111
1111111111, 11111 lang 1111111 111111 1111111111 111111111111, 1111
1111111 111111 11 1111111111 gutem willen 111 guast 3111111111,
111111111111111111 111 1111, 111 11111 daran 11111111111111 (1111-
1111 weg. 1111111111 11111 11131111111113111 diser freyung ge-
111111111111111 111111 (11111 111111111111111111 111 11111 1111·
111111 1111111111 mit 1111111 111113111111 1111111. Der geben ist
nach christi gepurd (111111111111111111 1111111111 11 dem 111· 111
811111111111111, 11 1111 1111111111.

ΟΤῙΚῙΜῙ 11111111111111 Siogol.

 

