111

3111111111 111111 1111111 113111 111 111111111111111 11 1111111
Neeeing in 1111 1111, do 1111111 11111 111111 3111111111 1111111111·
ling phenning 1111111 muniz, 1111 11111 11111 11111113 111 selben
1111111, 111 111 11111111 3111111111111111 1111 3111111 1111111111
1111111111 111 1111111111 3111 111 selben 11111 11111 111 gegeben
(111 emb, 111 111 111 11131111111 111111 11111111111111111311111
fuer 1111 11111111 31111111, 111 11111111111 31111111111111 31111111
1111111111111111111113, 111 111 1111111111 111 111111311111111
3111111111111111 111111, 11111 1111111111311 113111 1111111
11111111111111311111111 men, 111 gib 111 111311111110111111
111 8111111111111 111 111 mein 11111111 111311111111111111111
dem heiligen 1111111 111 selben nygensehnst 111111111111111111
haben 111 11 1111111 11 allen dem rechten, 111111311111111111111
111 111 11111113111 311111111 111111101111111111 111 phennen-
111 111 1111111 11 Perehtoltzdors gunter 31111 111 111111, dem dnn
1111) 3111 11111111 111 11111111 111111 3111111111 1111 11111111 3111-
111111, wan 111 111 1111111 31111111 1111111111 1111111111111111-
1131111111 11111111 11111111 1131131111 111 11111 1111 111 nonen
311113 111 1111 1111111 313111111113111111311, doeh 11111111111
eieherhnit 11 311111 111 31111111 0111111111111111111111111 11
1111111111111113111 mit 11111111 1111311 111 (111111 11131111111
1111101111111111111311, 111 phennen- vnn Perehtnltzdnrf 111 1111
11111111 11111111 1111311, 11111 1111111111111111111111111131111
111111 11111111 1113111113 11111 1111. 11111111111111 gegeben 111
Ρ1111111111111111101111111 3111111 111111111111111111111, 11 1111
11 dem 11111 111 1111111111111 111, 11 nand 1111111113.

01131111 1111 pergament, 111111 (1111 Ι811311 111111.

clx.

111111. August, Wlen. - Ein 3111111111 111111111111111111111111111111311-
lemn 1111111111 Todfnll 111111 Hof zu 111111111111111.

111 Jordan 1113111 111 1111 11111 11111 111. 111 11111 pnief
1111111111111111 11111, 111 111 1111 311111 111111111111111111111 ,
euch 1111111111, 1111111 wel 311111 111111, 111 111 11111311
111 111111 1111111 111 111111, 111111111111111, 11111 111111
&culturensem 31111111111 111 1111111111111 81111131 11111111
1111113111 1111111111 1111 11111111 1111 mit 1111 dem recht, 111 111 11
in 1111 11111 gener 111111 praeht, 11 111 3111111 1111113111111, 11

 

