170

31110330111111111111 de (1), 31111111
1380. ΙΙ. 383. 001111.

1111111111 1380. 1. 311. 0011111. -
1393. 11. 383. 000111.

- 1113111131, 80110 1319. 11. 87. 1111.

-111110111 30, 1110311 1330. 11. 131.
011111.

“ - 1110110101100. 1101001101.
— 130311. 13111. - 1301. 11. 13.
11111. - 1303. 1138111111. ·- 1313.
11. 38. 1111. - 1313. 11.10. 1111.-
1319. ΙΙ. 58. 1111.

- 30, 1111011113, 8011 131311. 1111111.

- 1111111011131330. 11. 130. 011111.
- 1331. 11. 113. 011.

- 31, 111111113, 1111111111. 1330. 11.
137. 011111.

- 3011), ulrich 1380113810111111.

-30,1110111311,111111111 1319. 11. 10.
1111.

1110111113 31, 1011011111 1381. 1. 338.
001111.

- 0111111 8111111100 1333. 11. 108. 01.
- weingarten 1301. 11. 300. 00111.

1111111111, weingarten 1373. 11. 338.
00111111.

- 110111οῃ 1393. ΙΙ. 383. 00011111.

11111011111,11111 1370. 1. 173. CLXXXV.

111110111113, 11111 1300. ΙΙ. 1. Ι.

11111011, weingarten 110 mnan-berge 1300.
11. 338. 00111101.

,81111010 30101, 1101111111 10 nienburg
1333. 11. 83. mlx.

muterndorf 31, 1113111111, 0110113111.
100. 11111111.

- 81111301, 11111 13331. 100. 11111111.
- de, 1113011001 1380. 1. 383. 0011111111.

111110111111 1337. Ι. 383- 00011111.

111101 mag. 1110101101111 Regino 11 comen
318111, 1333. 1193. Lxxxx.

1111111, magist. Tnveminorum Reginae,
001101 31 81111 11 30 80111110 11. 30.
1011.

·- 111ς111.’111111100111111031010, 001111
dn 01101 11 de 80011110 1331. 11. 99.
1011.

- 001100 8111310011, 911 v. 8111011011
1337. ΙΙ. 118. 0111.

11111111, prndium 1331. 1111. 1. 393. 1.

1103111111 00011311 1381. 1. 111. 0111.

- 1101111111 1390. 1. 388. eccum.

1103111111οΙ111111388. 1. 330. 00111111.
1101111111 1101111101 1339. 1. 39. 11111111.
11031111013011, 01111 1178. Ι. 8. 11.
1101111301130, Hugo 1303. Ι. 331111.
-1303, 1. 33111. - 1307. 1. 381111.

·- de. 1101013111 1303. 133. XXV. -
Mundnchenk 1303. 133111. — 1337.
18011.

- 30, 1110111311 1303. 1. 33. 1111.
naming, 1111111010 30, 011111178. 1. 3. 11.
- 1101111111 31, 01101 1170. 1. 3. 11.

- 1111010 31 1170. 1. 9. 11.

- 1111011131130 1187. 1. 17. 111.

- 111111131130 1318. 1. 5011111.
-100101301 30 1131-1333. Ι. 38.
XX. — 13501. 119. 011111.

- 8111131131 13801. 119. 011111.

- ripn 1188. Ι. 33. 1111.

- 1178. 1. 11. 1111. —- 1318. 1. 19.
111111. - 1330. 1. 93. 111111. -
1358. 1. 110. 01111. - 1303. 11. 17.
111. - 133811. 9111111111. - 1³2⁵.
11. 100. 0111. - 1331. 11. 110. 01111.
·- 1335.11. 108. 0111. - 133111.
171. 0111111.

18031111 1313. 11. 1880111111. - 1381.
ΙΙ. 373. 0011111. - 1367. 11. 377.
001111. - 130811. 303. 001111, -
1380. 11. 333. 001011. - 1301. 11.
387. 0001111. - 1301. 11. 308.
0001111. “

1101110111 8., 81111. v. ,1111113311
90. LXXXV.

1103111111389. ΙΙ. 377. eccm.

13011111 0111101111 1381. 11. 303. 0001.

1101131, 1113111111 judex in 8011113 1387.
Ι. 139. 011.

118111130111380.11. 338. 001011.

1110101101 11111300 1311. 11. 38. 11111.

11010111111111 11 81101130111331. 11. 70.
LXXV.

11011 S. 111110 1331. nng. 1. 393. 1. -
1111. 111. 1, 108.11 - 1111. 1. 111.
11. - 1388. 1. 318. XV.

Monte, 8. 11111131 1333. nng. 1. 338. 111.

13011101 8101 1331. 11. 71. LXXV.

Mon-{mundum 1138. Ι. 1. 1.

1301111111 de, 1113011101, miles 1303. Ι1
183. 0111111.

Μο111110110 11. 1101111131 1337. ΙΙ. 173-
0111111.

 

