450

001111οο101 1111111111, 011011 101211.
17001111.

- 0011110120. 177. cmv.
0111111 101111111000. ΙΙ. 011. 00101.
0110111 01, 0111111011 1210. 1. 117.

01.

01111111 1020 11. 01. 1111.

01111101111111, 11111 11 0111111270. 1.
100. oen.

- 01111111, nile· 1270. 1. 200. 00101.

0111011110 1021. ΙΙ. 70. 1110.

- 1111111111, wie-er Birgor 1071. ΙΙ.
000. 00111111.

- 1111, 011111111071. 11. 000. 00111111.
0111110111, 11111 1270. Ι. 201. 0011111.
01111111011 011111000. 1120100111111.
0111111110 1200. 1. 220. cmlv.
0111111110110101 1011. 11. 01. 11111.
0111111000 01, 0111 1000.,11. 170. 0111.
01111001, 0110111001. 11. 000. 00011.

- 011111, 011011 1001 0. 000. 00011.
·· 011110, 011011 1001. 11000. 00011.

0111311 11311 01111111 (1101111111) 1210.
112. 11111

011111131101111111 1202. Ι. 100. cuv.

1111111111 vien 1071. 11. 000. 0011111111.

ambert 1002. 11. 101. 01..

0111111111 011110 1000. 11. 010. 001011.

01101111, 111. 0110. 0111. S. 0. coen· 11
0111111 1100. 1. 10, 1. - 11001.
22. XV.

01110113 1111111111, 1111111111 1200. Ι.
11. 1111.

Gregorius 11., mut 1111 1. 11. 1111. -
1220. 1. 70. 10111. - 1220171111.
-1200, 1, 71. 1111. - 1202. 1. 70.
11111. - 1200.1.01.11111.-1200.
1. 00. 111111. - 120010011111.
- 1200. Ι. 001111. - 1200. 1. 07.
mvl. - 1200. 1. 00. mvn. -
1200. 1. 00. 1111111. -· 12011. 100,
11111. - 1200. Abg- Ι. 207. V.
-1.ι1272-1270. Ahg. 11. 101. 1.

- 0110. 0. 0. sergii 11 01111 11001.

0111.

- 0110. 0. meli 1100. Ι. 0. ΙΙΙ.

- 1111111111 1270. 1210. 0011111.

- 01111. v. 01111 1200. 1. 01. 1111.

- 0111111 110 0111111111 111 0011111113

1011. 11. 01. mv.
01111, 11Ιί11 ottoni· 12011. Ι. 210. 001111.

011111110110111211 1200. Aug. Ι. 021.
11. - 1201. 1. 270. 0001111. - 1000.
11. 21. nvn.

011101000.11.2.11. - 1001. 11. 10- 111.

01111111 1111111 111111 1000. 11. 10111

- 11111111 1000. 11. 2011111.

- 111111100011. 2111011.

-011010111111111 11111 1011. 11. 20.

111111.

- 01111111 soba 1011. 11. 00. mvn.

-1111111 1001. 11. 117. 011111.

-1111111 11111, 111111. 10110. 11. 221.

001111.

- 01111 01111 1001. 1113. 11 101 111.

-111111 1000 11. 221. 001111.

- 011111, 0111111 1022. 11. 0211111.
0110110111 01111111, 11111 1200. 1. 122.

01111.
- 01, 01111οἰ 0111 1111311111 12001.
100. 0111111.

- 01, 0111110111 1200. Ι. 101. 0111111.
01110101111111 1012. Ahg. 11100. 11.
0111111 0111111 1070. 11. 010. 00111110.
01111 01011110 1010. 11. 107. 0111111.
1111111111 01, 01111111 1200. Ι. 210.

0011111.
- 01, 01111111, 111111 1200- 1. 210.
0011111.

011111, weingarten 1111 01011 1000. 11.
210. 001111. - 100011. 211. 0011111.
- 1000. 11. 210. 00111111. - 120011.
200001111111.

- 11111111 1021. 11721110.
0111111111 01. wernherus 1100. Ι. 21. 111
01111 0111111111, 011111111οὃ0. 11. 011.

0010111.

- 011110 1111 01111113 1000. 11. 011.

0010111.

0111111111111 111, 1111111 1200. Ι. 02.

1110.

01111111111111111, 0110111111 v. wior-
11111 1200. 1. 00. 111.

01111113 01, 011110 1021. 11001110.

oriani-g 1021110011111. - 1200. ΙΙ.
011. 0010111.

0111111101 11111111 bei 01011111 1021. 11.
001110.

011οΙ11 01111110 1000. 11. 100. cuv.
01011 01, 0111111011 1210. 1. 111. 011.
0111111111101,011111111 1201. 1. 101. J

0111. .

 

