²04

111 111111111 1111111, 111 1111 1111111111111 1111111111 phud
gelus 11 111111 gem 1111· 1111111 1111111, 1111111111113111111
11111111 31111Ιί1111 1111111 11111111 11111 111111 1111119111 chrm 111
1111 11· 1111111111 111111111 (1111 111111 1111111 111111111111 md 1111-
111111 1111111 111 1111111111 frumen 111111 1111111111, 1111111111. m·
111111 md gebaa, 11111 11 1111111 11111111 1111111. 1111 sein 11111
1111111111111111111111111111111111111111111· 1111111111 11111·

11111 1111111111111 11111111 111111 1111111111111 1111 11111111 111
1111 1111111111, 111 uigens 11111 iat 1111111 11111111 1111111 Oder-
111111. 111111 aber. 111 11 mit recht 111 1111111111 1111111111 1111111311
111111111111 3111111111.111 wem 1111 11111, 1111 si 111 11111111
1111111, 1111 1111111 1111111111 11111111111111111111111111 11111
1111111111. 1111111111111111111111111111111 1111111111 11111
11111111 (1111, 111111111111, wie 11 daz genant 111 111 wo 11 1111
3111311 ist, (1111 zu 1111 vorgenanien 11111111 111111 11 1111111111
1111111. Da eugegen 1111111111111 11111111 rechten 111111-
11111111 gegeben 111 11111111 1131111, 1111111111111111111 11111111
111111, 111111 1111 1111111111 1111111 1111111 111 1111111111 11111111
1111111 11111111 gestes. 11111111 111111 111 1111111111 11111111
11111111 11111 11111111111111 11111111 111111 1111111111 1111111111
11111111 gestes 11 1111111 111 1111111111 111111111111111111, 1111 1
1111111111 metten 11111 111 11111111111111111111111111, 111 1111
1111111111 11111 1111 1111111111 11111111111111111111, 1111 dat 1111111
1111111111111111111 1111111111 111111 turbat 11111 1111111111111111111·
111111 111111 1111111 111 111111 11111111 frumen 11111111 11111111, 1111111111ὁ 1
1111, 1111111111 1111 3111111111 1111 11111111 allen 1111111. 111111 ff
11111111111111111111111111111 11111 11111111 111111111111111111111111
11111111, 11111111· 1ο geben 11111111161111111111111111 1111111 ¹
Pruder 11111111 von 111111191111111 fur 111 111 1111 11111 conum 2
gemin 1111111111, 111 1111111 1111111 11111111111111 1111 111111 ³
1111111111 1111111111 1111131111111111111 3111111111 1111111
1111111111111 Heiln‘yen 01111111 111 11111 lm 111111111111111
1111111 111111 waren 1111111111 111 11 1111111111111111111811111
11111111111111111 1111111111 111111 111111111111111111. 1111111111 =
1111111111 11110111111311111 1111111111 11111111 111 1111111 11
dem 11111111111111111111111, au 1111111111 11111111 1111111 (111111
Tage, 1

original 11111111111111111 11111111 8111111. 111 1111111 11111.

 

 

