Lernen 81111113 1378. 11. 318. 8881111111.
-11111131373, ΙΙ. 311. 888111111.

- 811118 1338. 11. 183. 8111.

Ver, Wcingnricn 311 1111111311 1331. 11.
181. 81.

1111 111111 1131111111 1378. 1. 173.
cmxvi.

113131131331. 11. 13. LXXV.

11111111811118 1338. 11. 173. CLXIX.

1111113118111111 1383. Ι. 338. 888111.

11111311, weingarten 1313. 11. 83. 81111.

11311311 8111118, 83111111 1111111111111,
81111111131111181131111313.1183811.
- 811118, 8311111111111111111111 1333.
11. 81. 81111. - 1333. 11. 81. 8111111.

[1111111111 wien 1838. 11. 138. 8111.

1118111111378. 11. 311. 8881111111.

1111111111, 3111111111 1388. 11. 333.
881811.

1111111311 31111811 1388. 1. 313. 88811111.

1111111811111 1381. 11. 388. 888111.

11111181, 1111111111 1373. 1. 333. 881811.
- 81, 11118111373. 1. 333. 881811.

1313111111 113111, 8131 1388. ΙΙ, 381.
8881111.

- 1111111311. 11. 388. 8881111.

- 31111118, 111111111 1338. 11. 381.
8881111.

- 311111111338. 11. 381. 8881111.
1111111111181181, 01111111 1188. 1. 33. 1111.
1111111111 81, 1118111111 1138. Ι. 31. 111.
11113311ς1313. 11. 1111811.

- 81, 81111111,111111313. i. 17. XXXIV.

- 81, 81111811, 11111 1313. 1. 11.

11111.
1111311 18111111 1388. 11. 387. 8811111111.
1111131111-111111811811111311111131811
1387. 11. 333. 8811.
11111111 8111311111111111877. 11. 318.
88811111.
- Heinrich 1377. ΙΙ. 317. 88811111.
- 81. 1113118111 11311. 38. 11111. -
1387. i. 38. 1111.
1311111113 13811. 1338111111.
Xiniiningn 81, 111111 3111113111 131311.
38. 1811.
1111111113 81, 11181111, 8131111111313.11.
38. 1811.
- 81, 111111113 1313. 11. 38. 1811.
11113113118181111, 1111111111 1111113111-
11111 1383. ΙΙ. 333. 8818111.

Fontes. Abin. ii. 811. 111.

168

1111111111111131181383. 11. 338. 881811.

111111 1111111111 1383. 11. 338. ccxciv.

1111111 (innoc zu Precnhnrg 138311, 318.
8811111.

111111111813333, 188. 8811.

111131111118111 1331. 11. 73. LXXV.

111131111113,11118111111 1331. ΙΙ. 78. 8111.

Xiingenherg 81, 1111113 1331. i. 378,
8881111.

1111111111131111 1373. 11. 338. 88811111.
- 1378. 11. 387. 88811111. - 1381.
11. 338. 888111.

Xionicrncnhnrger Prcpni 1381. 11. 388.
888111.

1111111 1111113 1388. 11. 387. 8811111111.
- 11111111 1331. 11. 71. LXXV. -
1331. 11. 73. LXXV.

1111311 Agnes 138311. 383. 8881.

1111111 8111118 1381. 11. 361. CCXL.

Xngcibrunn 13831. 37. XXIX.

- 81, 11111111 1388. Ι. 318. CCLXX.
1131118111118 1378. 11. 311. 8881111111.
1113111111 1331. i. 377. 8881.
11311311111181111378. ΙΙ. 383. 8881111.
11131111 Eberhard 1383. 11. 313. 881111.
11113 1118111 1388. 11. 331. 881111.

- Peter 138811. 333. 881111.

- 31113111, 118111113111 nu iicdiing
138811. 338. 881811.

1111311 Heinrich 1331. 11. 78. LXXV.

11111 1111111111 1388. 11. 337. 881811.

111111111111113 11 8111118111113111318.
11. 381. CC.

- 3111311111, 111111111 1318. 11. 381. 88.
1111111311 1388131. 1. 313111.
11113111 81111311, 31311 1331. 11. 77. LXXV.
1111111 1111111 1378. 11. 388. 8881111.
11111181111373. 11. 333. 88811111. -

1383.11. 18. X. - 1313. 11. 331811.
-1381, 11. 388. 888111.

1113111111 zu iiidiing 1331. 11. 388.
888111. - 1331. 11. 3818881111.

1111181111 1331. 11. 71. LXXV.

— 81, 81111811 1381. i. 131. CLXX.
1113811111 811118 1331. 11. 71. LXXV.
Xhicrgcnnc 11111111 1388. Ι. 117. 8811.
113113111111131111111 1333. 11. 38. LXXXVi.
Xinigshoi‚ 1111113111 zu 1813. ΙΙ. 113.

811111.

- 183311. 173. CLXIX. - 13111. 11. 83.

811111.
· 30

 

