118

0111111111 gener 111111ςὶ1 1110. 1. 110.
00111110.

- 1111111111ὴί 1101. 1. ’111. cocum.

011111, 111 1111ωοί11111 0111111 8111
1311. 11. 30111111.

- 111 lungo 1111. 11. 10. mv.

- 1111 lngo, 0111111111· 1111 11. 11.
um.

- 111 0111111111 1101111111111111 1111.
11111111.

’ -111111111111111111111111111,
- 11111111 111111 1111. 11. 110. CXV!- -
1111. 11. 117. 011111.

- 011111110111111111 1111111111 1111.
11. 111. 00111.

- 1110111111111 1111. 11. 111. 0011..
- in 0111111 1371. 11. 111. 0001111.
0111111, 1111111. v. 1111111111. Ι. 11111111.

011111 1110. 1111. 001111.

0111111 1111. 1. 111111.

011111111111111111111111111 1100. Ι. 11.
1111.

0111110. 11111111 1011. 11. 110. 0111.

0111011111, 111111311111111111. 1. 1. Ι.

111. - 1111111111. - 11111.
11. 011. - 1111. 1101111111. - 1111.
1. 10111011. - 1111. 1. 101. 10111. -
1111. 1. 1011101111. - 11101. 111.
cm. - 11111. 11101111. - 1110.
1. 111. 01111111. - 1111. 1. 1110011111.
-1100.1.111.00101.- 1017 11. 111
0011111.

0111111111, 1111111111111111111111. 110
1111.- 1101. 11. 111. cmm.

01111111111111111 1111. 11. 01. 1011.

cunigundis 1111. 1. 111. cem.

0111111111, 1111111117. 1. 11. 111111.-
1110. 1. 71. mv. - 1111. 1. 01
1111111. - 11111111011111. -
1117. 11. 10. LV.

— 11 Limam (Kfinigshof) 1111. 11. 111.
001011. - 1111. 11. 100. 0011111.

- 1111 lepide 1171. 1. 110. 01011.
-1. 0111111 0111111 1111. ΙΙ. 10. 111.
- nonachorum 1111. 11. 11. 111. -
111111. 1011011111. - 1111. 11. 111.
1011 - 1111. 11. 101. 0.

- 0111101111111111111111 1150. 11. 111.

- - 11111101131111 1101. 1. 11. 111. 001111.

-1103.1.11.1111’. - 1101. Ι. 11. Ι 011111111111111111111110.[1011111111.

0111111111 11, 111111, 0111111711. 100.
00111111.

-11, 0111111111, 11Ιί11 1177. 1. 100.
00111111.

- 111, 01111111, 1111111171. 1100.
00111111.

- 11, 1111111111, 111111· 1171. 1. 100.
00111111.

- 11, otto. 111111· 1117. Ι. 100.
00111111.

- de, 'stum-ingus, 111111 1177. Ι. 100.
comm.

- (11, Vulpes, 11111 1177. Ι. 100.
00111111.

- de, 011011 11711100. 00111111.

0111111101.. 11111111111 1111. 1111.
mn.

Dtehoborg 11, nummu· 1111. 1. 111.
00111111.

0111111111, 11111111. 111111 1111 11. 01
10111.

0111111111, 11111, eirea 11101. 111. 01111.

011111, Prior 1111111111111111111ς11ς1111-
Spin! 111· dem 1010111111110. 11
101. 000.

0111111111 1110. 1. 111111. - 11111
111. 0111. - 11111. 111. 01111. -
1111. 1. 111. amm. - 11111
117. 0011. - 1177. 1. 101. 0011111. -
1177. 1113. 1. 111. 1. - 1110. 1. 111
00111111. ·- 1111. 1. 131. 00111. -·
11101110001111111. - 1111. 1111
00111111. - 1117. 1113. 1. 118. 11111.
- 1110. ΙΙ. 11001111.

01111 111011. 1110111111. - 1315. 11.
170. cccxvi.

0111110111111110. 11. 110. 001011.

 

