118

11111111, vina 11 incurii 11111111371. ΙΙ.
799991111.

-111 111· 13111113119111113111 1313.
11. 191. CLXXXII.

- 1111131311. 191. ccxxxii. - 1319.
ΙΙ. 197. 919111.

- 11, 91191111117711. 19199111.

-11, fridericus, 11111 1771. i. 199.
99111.

- 11, soh-n 1397. 11. 311. 9991.
-11, 1113111111, 111111 1733. Ι. 99.
mxvii. - 17391. 199. 11111111. -
1711. 1. 199. 911. - 17191. 119911.
- 1719. Ι. 119. 91111. - 1711. 1. 177.
91111. - 1711. 1. 179. 911111.-
1771. 1. 199. 99111.

- 11, 9191111 1733.1. 199. 11111111. -
1711. 1. 191. 1911.

- 11, 111111111397.11.311. 9991.

- 11, 11111111 1771. 1. 197. 9911.

- 11,111113113 1317. 11. 731. 99111.
- 1319. ΙΙ. 711. 9911111. -· 1399.
11. 719. 991111111. - 1371. 11. 799.
991111. ··- 1379. 11. 399. 991111111.

1111111111111 1791. i. 719. 9911111.

1111111113, 91131397. 11. 9. 11. - 1399.
11. 717. 991111111.

11111111 Friedrich 1319. 11739. 991111.

. -· 11, ottulfus 1199. 1. 71. 111.

- 1111 31. Uirieh 1371. 11. 991111.
1111111171111111 1111111911 1391. ΙΙ. 397.
9991. ,
·- 71111, 3113113111 1379. ΙΙ. 313.
9911111.
- 1111111111, 1111111111 1391. 11. 397.
9991.
11111111 1311. ΙΙ. 771. 991111.
·- Heinrich 1371. ΙΙ. 397. 9911111.
1111911311, 1111111111, procuratur 1799. Ι.
117. 9111.
1111111111 1799. 1. 797. 999111.
1111111 11111111 1739. Ι. 783. 999111.
111111191101111111 11111111 1371. ΙΙ. 79.
1111.
11111111, 11111τί1111 31111
- 1711111333. 11. 119. 9111.
- 11111111111111371.11. 77. LXXV.
11111111 1777. 1113. 1. 313. 111.
wirinto rcrihr 1797. 1. 139. 911.
1111111111 Philipp 1391. 11. 773. 991.
- Elisabeth, 1111111111 1391. 11. 773, 991..

wislam, 11111391. 11773. 991.

1111111111, 111 1111131111 1379. ΙΙ. 331.
ccxci.

1111113111 1311. 11. 131. CXC.

113111111111111 1311. 11. 11. 111111.

111113111111111, 1111311111, cirea 1179.
Ι. 3. Vi.

111113, 111 71111111111311. 11. 31.
XXXIV. - 1311. ΙΙ. 73111111.

11111111111111111111111, 11111· 1739. Ι. 79.
LXXV.

1111111111111111111111111, 111111111111. 1799.

, 11111111.

111111 1111111111 in 11111 unc 1111111111
’.11111 1111. 1. 111. 111111.

1113111111 1793. 1. 117. 911111.

1111111111111113111111 in 1111 91 1371. 11.
71. 1111.

1119311111 9111111 1799. 1. 797. 99191111.

111111111ῑοί1 11, 1111111111 1199. 1 71, XVI.

11111311· 111111111111111111 1371. 11. 71.
LXXV.

111113111 1719. Ι. 17. 11111.

1111131111, 1111111111 iiis-12³3. Ι.

7911.
- 3111111111. 111111 17931. 31. XXXV.
- judex Sopronii 1737. 1. 791. 999111.
111113111111111 vitricus. 111111· 1799. Ι.
797. 99191.

- 11, vitricus 1791. Ι. 7999991111. ,
··- 11, 3111111111 1799111791111. -
1793. 1. 739. 9911. - 1793. 1113. 1.
311. 111. - 1799. 1. 717. 99111113.
- 1799. 1. 713. 9911111. - 1793. Ι.
719. 9911111.

-11, 11111111 1797. Ι. 39. XXXX. -
1717. 1139. 9111. - 1797. Ι. 119.
9111. - 1797. 1. 117. 91111. -
1791. Ι. 799. 9991111.

- 11, 11111111, 111111 1799. 1731911191.
·- 11, ulrich, 111111111111391. 11. 1. 11.
- 1391. 11. 9. 11.

-11, 111111111111111 1797. Ι. 1199111.
-· 17971. 11791111.

1111171111 31., subprior 1339. 11. 173.
9111.

- 311311111111 1331. 11. 111· 9111.

- 111 1131111111 1371. 11. 71. 1111.
11“1111111·11111333.11. 119. 91111.
Wolfhcrriori 11, eoru-adn· 1799. i. 199.

9111111.

 

