F.

11....0111111, 111. neuburg 1111. XLg. 1. 011111, 11111 1111. 11. m. 00111111.
1011. 11111111111101.1.10.1111. - 1100.
11111 1111111111 1104. 1. 170. 00011. 1. 401111. — 11811111011111111.
111111111111111110. 11. 111. 00101. ·-· 01, 111111111111. 1. 108. 011111.
1111111111 01111111, nauehu-:member 11111111 1111111, 111111111111111111111.
i· osterreich 1111. ιι. 111. 11111. 11. 111. 111111.
mum Friodrieh 111 111οο111111 - -111111 11111111111111101. 11. 114.
011 1. Friedrich 1111. 11. 118. 011. 00011111.
-01,111111, 1111111111111.11.111. 11111111 01111111 8111 1101. 111. 1,
011. 111. 1111.
1111111011111111100,11.117.0011111111. '- 1111111 11111 1111111111111 1111. 1.
111111811111101111. 11. 44. 111111. m. 00111111.
111111111111111 1118. 11. 171 01111. - Heinrich 1111. 111. 1. 111. 1111.
1111111111 1111111111111101.11. 110. ·- 111111011, 111111 1111. 1. 111.
001111. 0011111.
11101111ς,0111111111101. 111. 011. - 1111111111 1100. 1. 110. 000111. -
. ·- 01, Almo. ’111111111 11117. 1. 110. 1101. 1114. 0001111. -1111, 1111.
011.. 111. 1111.
- 01, 01011111 lm. 1. 11. 1111. ··· 1111111, 11111111 11 1111111101 111111. 11.
- 01, 011011011 1110. 1. 71. 11111. 411111.
- 01, 1111111011 1107. 1. 11. 1111. 1111111111 111 011 1111111111οω 1111.
Felix, 1111. 1111111 1110. th. 1. 101. 1. 11. 10. 1111.
1111111 1111. 113. 1. 104. 11. 1111111111111101111 1111. 11. 11. 11111.
111111 11111 1117. 1. 10111111. - Otto, 11111011. 11. 11. xm.
1111111, fluvius im. ΙΙ. 10, ΗΧ, - 111111110111181.1.111. 00111.
11. 101. 1011111. 111101111111111.0111.111111111111 111.
-1111111401111101, - 111111. 1111111111111180.1.14.1.
1111.- 1110. 11. m. cmvu. — 111111110111 1171. 1. 11. 1111.
1111. 11. 17101111. - 1111. 11. 101. 1111111111111 1111111 1111. 11. 111. 001111.
010111. -· 11117. 11. 101. 001111. - 1111111 1111111111 111111101111111. 11. 71.
1170. 11. 111. 0010. LXXV.
1111111 1117. 1. 11. 111101. 1111111111 1111111111, 011111011111111 1111.
lfa-cumton 01, 11. 01111011, 1111111- 11. 100. 0111.
01111 11111111, 0111111. 011. 1111. 1. 11011111111101001. 110111. 0001111111.
114. 011111. 1101111 1111111111, 1111111111111111. 1111-
111111111011110 11110. 11. 111. 001111. burg 1111. 11. 111. 00011111.
11111111111111101111 111111. 111. 00011. 11111 1111111 1111. 11. 111. CLV.
0111111 01111111 1100. Ι. m. 000111. 1111111111, 01111111111111111111111 1111
-1100.1.114. 0001111. 11. 171. 0001111.
-1110111 1100. 1. 111. eccm. - 1111111111 01111111 1117. Α1ς. 11. 400
1100. 1. 184. 0001111. 1111.
1110111 011111 1100. 11. 110. 001111111. 11011111 1111111111 1171. 11. 1117. vem.
1011111111 01111111, 11111111 011111 1171. 11111111111111341. 11. 117. 0111111.
¹· 1810011· Foro 01, 11111 1100. 1. 140. 011.

11εοῖ13.111111111111111111. -11, 1111.. suu· 1111 ng. 1. 111
ι. ,1111111 11.

111111111111111111111110111,111111111 - 01, chunigundis 1111 1114. 111. 1·
111111111111111. . 111. vu. ⁴

 

