500

8111111111 11, 1111111111 1788. I. 718.

8811111.

8111111111 11 11111111111111, 11111111 811-
111111. 111111 1888. ΙΙ. 877. eccm.

8111111111 11, 11111111 1777. 1. 181.
CXCVI.

81111111 1111111, m. 1871. 11. 787.
88111.

8118111 11, 81111111, 11111 1118111111 1888.
II. 888. CCIII.

81111111111188. I. 7.1. - 1881. 11. 887.
CCCXIII.

-11, 1111111111, eim 1178. I. 8. 11.
- 7111111881. 11. 817. 888.
-11,-111111111, 11111 1878. I. 178.
CLXXXIX.

-11, 1111111111,11111 1178. Ι. 8. 11.
-· 11, 1111111111 1188. I. 7. Ι.
-11,11111111111188.Ι.7.1.

8111111111 11, 81111111 1781 Ι. 788.
8811111.

-11, 8111111111, 11111117811. 788.
CCLVIII.

8111111111 11, 8111811111, cognomento
8811811 1188. I. 8. 11.

- 11, 11111811111,11181111 1718. 1. 88.
11111.

8811111 1111111111, 81111178. Ι. 18. 1111.

- simma, 1111111781. 17. 1111.
811111111111. 11111111111778. I. 178.
CLXXXVI.
811111 11, 8111111111 1788. Ι. 888.
CCXLIII.
8111111 1181111111 1881. 11. 77. LXXV.
8118111, 1111111111 1771. 1. 178. CXCIV.
811111188811. 111. CXXXVIII.
81111181111771. I. 177. 81811.
81111111, 81111111 1788. I. 117. 8111.
81111 8111111 1871. 11. 887. CCLXXIV.
81111111811111111111111187. Ι. 17. XII.
81111111 8. 1111111 11 111 11111188. I.
18. 1.

81111111187. 1. 17. XII. - 17881111. Ι.

777. XIIII.
8111111811 17111811 1871. 11. 78. LXXV.
8111181111111 11 81118111111111 1878. II.
III. XCI.

8118111 11, 1111111111 1781. I. 788.
CCLVIII.

81118111 11, 11111111 1818. 11. 81. LXVI.
- 8111111111 1811. ΙΙ. 177. CLXXIV.

8111118111 11, 1111111111 1787. I. 78.
XXIX. - 1777. I. 88. LV. - 17881.
78. LXIII. -1811, 11. 81. XXXVII.
- 11, 1111111111 1188. I. 71. XVI.

- 11, 11111111, eim 1177. I. 18111.
- 11, 1111111,81811811.11.71. XXXVII
- 11, 11181111 1788. 111. 1. 817. 111.

811111111111 111111 1717. I. 87.,111111.
- 1788. 1. 87. LXXI.

81111111111 1111111 1718. I. 187. 181.

8111111111 1717. I. 87. XXXVII. -· 1717.
I. 81. XXXVIII. - 1788. I. 781111.
-1788.1.87.1111.-1788.111.1.
788111 - 1711. I. 188. 1811.

81111111 1111111 8111111111 1787. I. 781.
CCCXIX.

81181111181. 1111, 81111111 1871. 11.
188. CLVI.

81111718. Ι. 88. XXXVI.

81111, 11 111, 11 maen 1811. 11.
18881111111111.

8111 1111111111 1717. 1 118. 81111. -
1781. I. 177. 8111. - 1881. I. 178.
CXXVI.

- 8111111888. 11. 1. 1.

·- 1111111111 (111111 1881. ΙΙ. 1. II'.
8111811111, 11111111 1787. I. 18881111-
8111111811111 11., 11111 1788. I. 118.

811.

8111811111 1111111111, 1111111111 111 111111111-
11111 1818. 11. 88. 111.

811111 8111111 1888. 11. 178. CLXX· ··
1878. 11. 888. CCLXXII.

8111111111177. 11. 188. CXLV. - 1887
11. 187. CXLVIII. - 1881. 11. 181.
81111. - 1888. 11. 188. CLXIII. ·-
1887. 11. 781. CCXXI.

-11,11111111111771 L 188. CCVII.
·- 11, 8111111111, 1111111188111101881.)
11. 1811.

- 11, [Inger 1881. 11. 181. CLVII.
-11, 1111111 188811. 187. CLXIII.
8111111181111111, 1111111 1788. I. 771.

881111.

8111111111 1811. 11. 88. XXXIII. - 1811.
11. 88. XXXIV. - 1878. 11 788
CCLXXVIII.

-·· 1111111, 11111 1188. Ι. 78. XXII.

·- 11, 1111111111 1188. Ι. 71.

8118 81111111 1888. 11. 788. CCLVII.

8118118111111111111 1787. 188. 11.

 

