Spehmeinter 1111101111, 11111 1200. I.
140. 011.- 1270.1. 174.01.111111.

- 1270. I. 202. 00111.

8111311 1111111111 1308. II. 243. 00111111.

- Heinrich 1308. 11. 203. 00111111.
- 1111111111. 11. 370. CCCXVII.

- 1101111, 81011380. II. 170. CCCXVII.
- 0111Ιο, 81011380. II. 170. 0001111.
81111ωο1101 11111Ιο11 1280. I. 200.

00011110.
8111111111 1232. I. 70. LXVII.

501⁴ ·

8111 01111111 1311. 11. 28. 11111.
8111011· 1111110110, 1111111 1082. ΙΙ. 301.
0001.

- Ludwig 1382. II. 301. 0001.
81111101, 1101111111 11701. 121111.
811101110111 01, mechtildis 1281. I. 101.

CLIX
8111011 1111011011 111 11001113 1301. 11.
’272. 001101.

-110111, 1111111111 In 11001111 1387.

11. 277. 001111.

spring 11 011 011, 11111Ιο 111 11101111 - 01111111 1810. ΙΙ. 188. CLXXXVI.

133211. 213. 001111.
8111111111111 0110111111 1280. I. 241.
0011111.

811111111111111 10101110 1321. ΙΙ. 70.
mv

8110111 01, 1110111111 1107. I. 30. XXIII.

— 1300. 11. 222. CCXIV.

- 01, Agnou, 01111111 1300. ΙΙ. 222.
00111.

- (Ie. 1111111011, 111111011111011111.
1302. 11. 207. 001101. - 1307. ΙΙ.
277. 001011.

- 01, 1110111, 111111 1387. 11. 277.
0011111.

—· 01, 1110111 1308. 11. 287. 00011.

- 01, 111 1377.11. 310. 000111.
81101111111011111380. 11. 330. 001011.
8110111101, 01111111, 111111101111 1274.

I. 102. 0011,
8110111111· Peter, 8101 1328. ΙΙ. 120.
CXVI.

-1011111, 8101 1028. 11. 120. CXVI.
-110111,1111. 1328. ΙΙ. 120. 0111.
8110111111 0111011οο 1201. Ι. 273. 00011.
811011· 110111 111 manag 1304. 11. 272.

001011.
80111111 Potor 1372. 11. 200. CCCXVIII.
811111 133211. 104. 01..
8111111 1280. 1241. 00011.
811111111178. I. 11. 1111.
8111111 01, 110111, 11111 1210. I. 40.
111111.
31111101111110 1307. ΙΙ. 233. CCXX.
stmpI-mle 11 11001111 1343. ΙΙ. 188.
01111111.
8111101111111011 1011· 01010111 1300. 11.
220. 001111.

8111111111 811111 1300. 11. 223. 001111.

8111111110111021. 11. 78. 0111.

- 01111013401118801111111,
- christina 1301. 11. 387. 00011111. -
1304. ΙΙ, 388. 000111.
- 110111 1004. 11. 387. 0001111. -
1301. II. 388. 0001111.
— 11111, 3101111111 1301. 11. 387.
0001111. - 1304. 11. 388. 000111.
8111111013, 11111111, 11111 1202-1202.
1120. 0111.

811111 1111110 1321. 11. 73. LXXV.
SIeifingen 1210. I. 42. XXXII.
8111101,1111111,11011. 1203. Ι. 31. 1111.

-111111202-1202. 1. 120. 0111. -

1277. 101. Ι. 312. X.
- 01, 11111110, 3101111111 1Ιο111 1311.
1128111111.
- 01, 01111110, 8101 1311. 11. 28. XXXII.
.. 01, 01111111, 1111111· 1101101 1311. 11.
28111111.
- 01, 0111110 8101111111 1311. II. 28.
XXXII.
- 01, 1111111101, 11101111311.11.28.
11111.
- 111 0111, 1111110110, 1111111111 1311.
1120111111.
811111011111 1321. 11. 00. 0111.
811111010111101, 1011111110 1321. ΙΙ. 03.
LXXV.
steinberc 01, 1111111111, 1111112301. 78.
LXVI.
8111101110110111101334. 11. 102. CLIX.
steinach 01, 0111 1328. 11. 110. CXVI.
- 1111, 01111111 132811. 110. 0111.
8111111 1111111110 1300. II. 231. CCXVIII.
811111110 111 1111111οο11 1330. 11. 137.
01111.

-1302, 11. 210. 001111. - 1380. 11.
338. ccxciv.

8111111101203. I. 270. 00011.

 

