101

1110101100 00, m 1000. 1. 001. 001110,110110101,01110110011110101110·
cccxlv, 000101011001011100.1.010.001.0010.
- 0011101001, 00011101. 0000001100. - 0011110111101010011100. 1100000.
- 00, 01111001, 01101 im 1107. 0000. - 11001 100. 0001. - 1001. 1. 171.

-1000, 1000. 0oe 0000.
- 00, 01011100, 0000 1001. 1. m 00100100ςο0101111001100101011000.11.00.

00001 xci.

- 00110011οω1000.1.01.0001.

- 0000100101000. Ι1000. 000.

- 00. 10100010001001. 1. 0000000.

- 00, 1010001000, ,110101 im. 1. 001.

0000.

- 001010000οι1, 11011000 1000. Ι. 000.

000.

- 00, 01111111, 110110001001. 0000.

&metuabat-3, 0000100 h 1000 - 1000.
11. 100. cm.

- 00101 1080. 11. 011. 00001.

0011100 1100110111 1000. 1. 000. 00000111.

000 01100 1700. 1. 100. 000.

0000,οΜ001011000 1001. 1. 17. 01111.

0011001 metm 1001. 11. 101111.

00110 1010. 1. 10. 00001.

0010, 00013 1. 1101010 1000 1. 01. 00011,
- 1000. 1. 10. m. ·- 01101 1000. 1.
71. mv.

- 10. 00013 1. Um. 1000. 1001000111.
-1000.1. 100. 001. - 1000. 1. 101.
000011·- 1070. ΙΙ 170. 0000001.

001100, ,00100010 1000.11. 101. 000111. -
1001. 11. 100. 0010. ,- 1070 11. m.
0000.

00100 00 0010000003 Gregorius 1070. 11.
000. 00001.

0000010100, 0110111100 01 0011100 010001100011
1000. 1. 00. 00011.

- 07010001 10001. 00. 110011. ·- 1000.
1. 00. 00011. - 1000. 1. 00. XXX.

- 111. 111000. 0010. 0. 00001100 1010. Ι.
01. mli.

·- 01000. 1. 01οη0010 1000. 10111001.

-, Propo-itu· 01001011. 1070. 1. 170.
cmxvi.

-·· 110 0000011010 11010110. 1011. 11. 00.
XXXV.

0000010100 0000 zu 0001110110οἰ1ὼο 1000.
11. 00. 0000111.

·- 01000. v. 0111100. 1011. 11. 00. mxx.
- 1000. 11. 00. 0011. ·- 1000. 11. 00.
0010. - 100111. 110. 0011.

1101111100, 101101 1010 1. 100. 00110111.

0013, 1101110111, 01011000. 1. 01. 0001.
00101100, 11111011 1010. 11. 07. m. ·-
1017. 11. 10110111.

- 00, 11111111, 01101 1117. 11. 10. 00111.
0010101 1071. 1. 107. 001110.
0011010100, 0111001007.1.00.1.0.
00110010011100 1070. 11. 000. 00001.
0011101001, propos. 1001100011. 11111111. .

ul. - 11101. 111. 00111.
- 00000 v. 11011100 10001117. 00.-
1100 1000001101.

-10001 11101. 120. 00111.

00101010 01101101 1001. 11. 70. mv.

001000 00, 11111001 1077. 1. 000. 0000011.

0011000 00, 11111010 1200. 00. 0010.

001100001110001111, 00111111 111 110101-
0100 1000. 11. 001. eccm.

001100 11101 1001111101 010111 00001010.
1. 121. 0001.

- 0101· Humani 00 waltonam 1000.
1. 100. cmm.

- 0101110 ejus 1101110110 10701. 101.
00001.

- 110000101110111 001· 100. 1070. 1. 100.
0010.

- 001 1101001110το 00101100 1001. 11. 00.
mxv.

0011101010011 1000. Ι. 111. cmx -
00011001 001100. 1. 101. 01..

001011010000111100. 11. 01. 1101110111.
--1101111100011- 00. xci. -·· 1001.
11. 01. xci. - 1110010011. 11100111. 111.
00111.

00111101ὼο011 1100 11. 110. 01101101. -
1000. 11. 000. 0011011. - 1001. 11.
000. 00000.

001100101001100, 0110. 11101 1000. Ι. 100.
0000111.

-· 00. 0110 12³2. 1. 00. mm. ·-
1017. 1. 100. 001.. - 12001. 111.
0110111. ·- 1000. 1. 117. 011001. -
1100. Ahg. 1. 010. 0111. - 1171. 1.
177. 00011. - 1171. 1. 170. exem.
- 1070. 1. 181. CXCIX· «- 1170. 1.

 

