188

8811881881, 81888 1178. 1. 8. 71. - 1877.
1. 818. 888818.

8818188181 1888. 118. 1. 888. 88.

- 8188881888. 11. 8. 18.

·- 11881 1817. 11. 8818111.

- 188811881. 88181.

- 81888 1888. 11. 881. 8888881.

- 88, 8818181188188 1888. 11. 8. 111.

88118181881 88, 111888 1888. 1. 811.
88188. - 1888. 1. 888. 881881.

- 88, 888888, 881181 1888. 11. 818.
88888.

- 88, 1188881 1881. 11. 7. 8111. -- 1881.
11. 8. 8111.

- 88, 188881, 888888 1888. 11. 88111181.
·- 88, 88888, 1188888 1888. 11. 881.
88888.

- 88, 1188818888, 81188, 81888 1818. 1.
181. 8818.

- 88, 881888, 881188* 1888. 11. 818.
88888.

- 88, 18881888, 88188· 1888. 11. 881.
88888.

- 88, 188818881888. 11 811. 88888.
- 88, 8818818, 88181888. 11. 88. 8881.
- 88, 0818881818. 11. 88. 111.

- 88, 8188818881 188811. 88. 8881.-
under 1888. 11. 88. 8881. ·- 1888.
118818888.

- 88, 8188888, 1188118888 1818. 11. 88.
111.

-1181881887.81ς. 11. 818. 811. -
1887. 813. 11. 818. 8111. - 1878.
8188. 11. 118. 88. - 1878. 113. 11.
117. 8811.

881881881818 88, 11881188881871. 1. 188.
88811.

88188818811888111878. 11. 818. 881888111.

&mmm 118881888 1888. 1. 188.
88881.

8888881888 88, 1188888888 1888. 1. 118.
881.

- 88, 1188818 1818. 1. 118. 881.

sconenberg 88, 1888188888 1887. Ι. 88.
8818.

8888818188 88, 8818881888 1887. 1. 87. 18.

8888888 8811888888 1187. 1. 17. 811.

88188188 1118181, 88118388 888 8111888388
1888. 11. 818. 888818.

88188818881878. 11. 887. cem.

8818881818 88, Agnes, 81888 1818. 1. 188. 811.

8818881818 88, Am 1888. 1. 118. 88111.
8881818, 81181 1888. 11. 8811. 88888811.
888181888818 88818818 1888. 1. 188. 81888.
8881818 1888. 1. 188. 81888.

- 88, 1188881888 1888. 1. 7118111. -
1888. 1. 111. 881. - 1887. 1. 188
8111. - 1888. 1. 188. 8188111. -
1888. 1. 188. 81888.

- 88, 8118188888, 8188811711. 18. 811.
-1178, 1. 18. 8111. - 11881. 81
881. - 1188-1818. 18188111. -
1188- 1818. 1. 87. 818.

- wichardus. 111818188181888181888. 1.
818881.

- 88, 1818188888811188818, 1118818811.
1. 88. 8818.

-· 8188818888 88 1178. 1. 18. 8111.

881, 88818 1881. 11. 7. 8111.

seyme 188 181818118188 88881188188 nurg-
11881881. 11. 71. 1888.

88181 von 11888818888811 1881. 11. 78.
18118.

881818881881881888. 11. 188. 8111.

881881 888 118888 1888. 11. 188. 818.

- 888 888 1188881118 1878. 11. 888.
8818818.

88181818 888 18881888188 1881. 11. 78.
11111811.

88118188, 1188888881 88 ussup-mu 1881.
11. 88. 18818.

- von 1111818181188, 1188888 888 118111388-
mus 1881. 11. 78. mv.

- 11818881818888 Kbuignhof 88. 1188818888,
888 11811188818888 1888. 11. 178. cmx.

8811818888 judex 1888. 1. 881818.

8811118, 8888181818888 8881818888811888.
11. 188. 81111881.

88118, chun-ing v. 1887. 818. 11. 818. 8111.

88818188, 811 zu 1811881881881 1871. 11.
881. 8818818.

8818188811 wolfhart 1881. 11. 188. cm.

881888 1188818818, 881188, 8188818181. 188.
8818.

88188181νί818 8888811888. 1. 188. (mu.

solueret, weingarten 88 8181818888 1888.
11. 811. 8881111.

salignam Friedrich 1888. 11. 188.

8181188111. - 1881. 11. 818. 8881.

- 818818, 1188881888 1811. ΙΙ. 188.
8181118111.

Sengo 888888881881888. 1. 118. 881.

 

