800

11.-11311 111 John· 1111. 1. 111

00188811.

811111111311, 811111111288. 111. Ι.
818. 818. - 1288. Ι. 211. 00188. -
12881. 202. 001881.

8111111111 11, 1111111111, 111111 1287. Ι.
280. 001888.

- 11 , 1111111111 1287. Ι. 281.
ocum,

0111111111, 11111 1280. Ι. 122. 08811.

8111111111 1821. ΙΙ. 701888. ·- 1210.
1. 02. 88811.

811111 1208.1. 80. 888.

8111111101111111, 881111 11 88111 1888.
11280. 001811.

8111111 1210.1. 117. 08 ··- 1287. Ι. 180.
0888811. -· 1082. ΙΙ. 181 01. - 1881.
11. 180. 0181.

8111 011111 1821. 1171. 1888.

8111111 1208. Ι. 88. 8881 - 1200100.
8881.

··- 11, 811111111112101. 100. 011.

8111111111111, 0111111111 1888. 11. 281.
0088111. - 1887. ΙΙ. 888. 0088. -
1880.11. 288. 001811. - 1880. 11. 280.
001811. - 187811. 818. 001888111.
- 187011. 810. 0018888. -1880,
11887. 000811. -188011, 880. 0008.
- 1800. ΙΙ. 887. 0008888111.

-11, 01111111, 11111 1280. 1. 180.
0181 - 1200. 1. 277. 0008.

- 11, 81111111111 1818. ΙΙ. 00. 8118.
- 1817. 11081111. - 1817. ΙΙ. 88.
1818.-1828. ΙΙ. 108. 0111. -· 1888.
ΙΙ. 100, 081.

- 11,11111111111111 1280. Ι. 180. 0181.
- 11, 811111111888. 11281. 0088111.
- 1887. ΙΙ. 288. 0088.

-11, 01111, [11111111 1818. 11. 00.
8118.

811111111111111, 8111111111 1812. 1188.
88818.

7111111111111, 011111111288 Ι. 282.
00188881.

’1111111111 11, 1111111111 1288. 1. 288.
ccmvm.

8111111 11, Ι110111111280.1. 110. 08111.
- 11, 811111111278.Ι. 108. 008111.
-11, 1111111111, 111111 1278. Ι. 200.
00881.

8111111 7111111 1888. ΙΙ. 210. 0081.

811111 1111111 1801. 11 887. 0008818. -
1801. ΙΙ. 888. 000888

8111111111, mun-nu 11 8811111111
12001 117. 08.

811111111188. 12. Ι.

8111118111 11, 8111111111, 11111 1210. Ι.
08. 888111.

81111111, 11111 1177. 1. 10. 811

8111 8111111, 8111 1888. 11. 870.
0008811.

- 011111 1888. ΙΙ. 870. 0008811.

81111 111 winenheim 811111111117111
1821. 11. 721888.

8111111111111111 1880. 11. 8810080111.

8111111111 8111111, 11111111 publicu 1880.
11. 877. 000881.

8111111111111 1887. ΙΙ. 288. 008811. ’

8111111181111111180011281008888111.

711111111111 1178. 1. 8. 81. - 1178. 1.
11. 8111. - 1187. 1. 20. 88. - 1210.
Ι. 02. 88811-1218. Ι. 80. 88881. -
1282. 1. 81. 1818. - 1282. 1. 182.
0181. -18821Ι 180. 018111- 12771.
208. 00888. -1278, Ι. 212. 008881. -
1888. Ι. 220. 0011. - 1827. ΙΙ. 111
08111. - 187811. 880. comm.

7111111, gangit 1180. Ι. 0. ΙΙΙ. - 1188.
Ι. 18. 8.

7111111111 1880. ΙΙ. 887. 008018.

’111111 1111111 1870. 11. 807. cem.

’1111111 11111 1882. Ι. 111. 200. ΙΙ. -
12881. 288. 0018.

’111111111111011111 1200. 1. 277. 0008.
- Erborger 1201. 1. 877. 0008.

- 81111111 1801. Ι. 277. 0008.

- 11, 81111812801877. 0008.

·- 811111 18011877. 0008.

8111111111 von 811111111111821. [Ι. u
1888.

811111111111811111, 881311 zu wia
1882. 11. 887. 00818.

 

