217

11111 1111 1111111111 11111113 1111 111111111111 111 1111 halb 11
1111 1111111111, 1111 11 1111111 111111111111, (1111111111 111111
1111111311111 1111111 111111111, 111 11111 (111111111113 1111
sein, 1111 1111111111 111111011111. 81 (11111 1111111 aus der 1111111
1111111111111111 1111111 111111111 phenning 1111 11 1111 ,111311
teg 1111 1111 11 1111 11111111 teg, 1111 11111 1111 111 111 11111111, 111
1111111111 1111111111. So client 0111111 (111 11111 111 111111 111111
1111 1111111111111 11111ιί11 phenning 111111 1111 111111 teg 1111
1111 11111111111111111. Die vorgenenten (11111 1111 mit 1111111111
mit 111111111111111111111 1111111111 1111111111 1111 geben mit
allen (1111111111 1111111111, 111111 11 11111 11 111111 31111111
111111 11111, 11111111 1111 111111111111111 1111 1111 111111111111
1111111113 1111111 1111111, 1111111 ger 1111 gaentzleiehen 1111111 1111
311111 sein, 11111111111111111111111 1111111111 0111111111, des
01111111 zu den Heiliyen 0111111 1111 dem 011111111111111 1111
111111 01111111 1111111 1111111111111111 111111111111 111111111-
1111 1111111 1111 11111 1111 frumen 11111111 1111111, 1111111111,
1111111111 11131111, 11111 11 1111111111111111111. 1111 11111
111111 111111111111 111111 111 111 111 ,11111111 Weilffleinetorff
111 111 11119111 1111 1111111111, 111 1111111 der Zwikehel vnd 111
111111 1111 1111111111 1111 1111 111111111111111111111111111111
111111 111 1111111 1111111111111111111 11111111 111111111131·
111111 (11111 1111 den 11111111111111111111111111111111 0111111111
1111 dem 011111111111111 111 selben Chloster vnd 111111111111111
1111111111 311111 1111 11111111 11111111 11111111, 111 111111 11111
1111111 (1111111111 1111111 (jamme, vnd 1111111 lang, 1111 111
(111 1111111 1111111111 1171111111 1111111 11111 111 1111 1111111111111
11111111 vnd gaentzliehen 111111111 111 1113111, 111 111111 11111 111
11111111111111111111111111, 11111 11111 dem rechten, als 111111
11 111111 brief 11111111111 111. 1111111111111111 1111111111 recht 11
1111111111111111111111111111111111111111, 11111111 1111 111,
8111111111111111 1111111,1111111111111111111111111111,1111111 111
1111111111111 1111111111, 111111 11111 1111 1111111, 11111111 11111
an 11111 11111 1111111111111111111111111. Vnd 1111 auch 11111-
selben 111111111111 1111111111111111111111111 1111111 11111
1111111111, (111 1111111111 11111111 11 1111111111, 111111 11111111
1111111113 11 (1111111111, oder 1111111 31111111 1111111111 111,
1111111111 1111111111 111111 en 11111 1111111111 111111 1111111111

 

