1111111111111 111, 311111111, vidua 1333.
Aug. 1. 313. 7111.
-11, cunigundis, 1111 1333111. 1.
31117111.
- 11, 3111111111, nur 1333. 111. 1.
313. xlv.
- 3111111 1333. 11. 133. 31111117. -
1311. 11. 131. 3111117111.
- 71111 1331. 11. 333. 3331111.
1111111111 procuratur 1111111 11 11111
1111113113. 1. 331. 3317.
1111111 111111 1337. 11. 331. cem.
111111111111333.11. 133. CXXV.
- 11111111 1331. 11. 333. 33311.
11111113 11, 1711111 1317. 11. 17.
1111.
111111 11111111 1313. 11. 133. 3137.
111111, 1111111 1333. 11. 333. 331171.
111111. 111 111,31111111113111111111 1333.
11. 333. 33311111
- 111 111, 1111111111, 11111111 11131111
61111 spus! 1111111 111111111111 1333.
11. 333. 33311111.
1111 1373. Ι. 331. 331111. - 1377. 113. Ι.

313. 1.

1111111113 11, 11111111, 1111111111 133311.
133. cvl.
- 111, 711311133311. 133. 371.
1111111, 111111 1331. 11. 333. 33111. -
1371. 11. 333. 331111. - 1371. 11. 3113.

3311111
1111111111 111111 1133. 1. 3. 17.
- 11111111, 3111 1133. Ι. 3. 17.
-11111111 iu 311111 1313. 1. 117.

31 -· 13371. 133. 3111711.
Lucu 111111 1333. 11. 333. 33171.
1111111111 11111111111111 11 1111111133.
Ι. 31. 171.
1111111111, 31111. 1.(11111-77111111 1373.
1. 133. 3137111.
11111111, 11111111 111 ’1111111311 1337.
1. 33. 171.
1111 11111 13331. 133. 311171,
11111311111111333. 1. 131. cxxxi.
1111111111 1331. ΙΙ. 131. 31711.
111111111111333. 1. 113. 311.

171

1111111 11111111, circa 1373. 1. 173.
CLXXXIX.

-· 31111111 1333. Ι. 131. 3111111. --
133311. 137. 3111. - 1333. 11. 133.
3117.

13111311111 1313. 11. 331. 31311.

11111111 111111111, 111111111111 13311. 31.
1171.

1111111 111, 1111111, 111ςί1111 1111111
133111. 337. 331117.

1111111111 111,1111311111 1333. Ι. 113.
311711.

- 11, 11111333. 1113. 311711.

- 11, 1111111111 1331. 1. 133. 31111. -
1331. Ι. 131. cum.

- 11, 1111111111 1333. 1. 333. 33311111.
-11,.11111111 1331. 11. 13. 17111. -
ΙΙ. 13111.

111111111111. Margaret. 1111111111 1333.
11. 133. 317.

- 111, 31111111 1331. 11. 131. 31711.

11111111111111, 31111111 133311. 133.
317.

1111111111, 1111111111 1138. 1. 33. 171.

11111111111111111111 1133. 1. 3. 1. - 1133.
1. 3. 11.

111111 1133. 1. 33. 11711.

11111, 111. sociorum 3111. s. 1111111 11
Pauli 1133. 1. 3. 111.

Lucius 111, 7111111133. 1. 1311. - 1133.
1. 13111.

ludovicus, 1111111. Ung. 1313. 11. 133.
cumn. -· 1333. 11. 333. 33111. -
1333. 11. 333. 33111. - 1331. 11. 333.
33111. - 1331113311. 331171. -
1371. 11. 333. 33111111. - 1371. 11.
333. 3311111. - 1117311333. 33131.
- 1111131111 111 111111 1383. 1. 313.
33111117.

11111 11 31. 7111111111 1333. 11. 133.
31171.

Lugdunum 13131. 1113. 3111.

1111111 11, 1111111111 1333. 11. 3311111117.

111111111111111111333. 1. 133. 1111117111.

111111 111111 1711111111 1373. 1. 173.
11111111. ’

 

