CLXVIII.

1111, 11. 1111. - Friedrich 1111· Heme 1111111 1111 in 1111111111111911·
11111 111111111119.

1111111111111111111111 vergieh 11111111111 11 diesem 11111,
naz 111 11111111 1111111111 nne nach 1111111 111111 1111111111, 11
111 1111, 1111111 wel 1111111111, 111111 111 1111111111 geben
111111 111111111111111111111111111111 17111119, 111111111111111
111 dem 0111111 3111111 1111 dem 1111119111 11111111 11 11111111
111111, 111 man 1111 111 Iegen 11111 11 1111 vorgenanten 1111111111
1111 1119119111 1111111 11 11111111 herren Leyehnem Tege. 1111111
111 1111 11111111 11111111 1111113 geues, 11 11 Iigent 1111 11111111,
’11111 111 111111131111113111111111111111111, 11111 111 Helle,
111 111111111 phennIg 111111 weingarten, 11111 111Ρ1111111111
111111111111111 111111 111131111111111111 01111111 111 1111111
11111111 1111 an 1111111111111 Ing 111 1111 Ι11111 111111 1131111111
genesen. Die 111111 1111111 11111 geben 11111111111111111 111
11111,111 111 111 11111111111111111111 111111111111111 11111111
111111111, mit 11111111111111111, 111 111111 1111 11 1111111111
111111111111111111111111 1111111111 dem Egenenten Ierteg den 111111
1111111Τ1111111111 1111 111 111111 1111111111 1111111 111111
111111111, 111111 1111111 vergenanIen Ian-Ing 111 11111. van des
1111111111 gib 111 1111111 111111111111111111 11111111 1111111.
1111111111 11111111 111101111111 3111111 1111111111 11111111 111
1111111111 1111 Siben 111 1111111111111111, 11 11111 Jacobs Tege.

OrIgIeaI 111 1111111111, deenen Siegel 11111

CLXIX.

1111, 111111111-0111 venenaverunt verkaufl der 111111 111111111-
Irene 11111111 Hos 111 W 1111111.

111 011111 6111111111111111111111111111 11 dinem Prief
111111 1111111111, 11111111111111111111111111, 111 11 111111111
hernach 1111113111, 111 111 11111111 vendentem 1111, 1111111311
1111111111 neunt, 1111 1111181111 111 wilIen 1111111111 Nyelaeee

111 11111111 111 1111 mit 11111 gemninen venhengnnnse 11111
111111 11111 111111 1111111 111 manne, 11 1111111, 111 11111111
11111111 11111 11111, 1111111111 111 1111111 111 3111111 1111 dem
1111111 pei ‹Iem See 111 1111111111111311113111111 11111 111

 

