817

111111111111111 11, 01111111 1777. Ι.
181. 01011. - 1771. 1. 187. 00111.
-11, 01111111, 1111111178. i.

118. 001.
- 11, 011111111771. 1. 111. 00111. -
1778. Ι. 717. 00111
111111111111111111111 1111 1817. 11.
717. 0011.
- 0111, 1111111111. 1718. Ι. 11. 1111.
1111111111,111111111111. 1718. Ι. 81. 1111.
8111111111111 188711. 887. 0001.
- 81111 hei 81.0111111871.11,77 mv.
1111111111111111, circe 1177. 1. 18111. -
1188. Ι. 71. 111.

1111111 1111111111 181811. 187. 010111.

111Ιί3111, 1111111111 111 11111 1887.
111. 11. 118. 1111

1111111111, recreer, 1111111111. 1.
781111.

1111111111 11 1111111 1871. 11. 71.
1111.

1111111, 111 1111111 ree 18118. 11. 778.
00111.

- 11, 81111111 1811. 11. 8811111.
-11, 81111111, 8111111881. ΙΙ. 111.
01111111.

- 11, Friedrich, 811111 1881. 11. 111.
01111111.

- 11, Friedrich, herpinum ιιι 1111111-
1111, {inurerer 111 honere 1111111
1888. ΙΙ. 711. 00111111. - 1881. ΙΙ.
788. 001111111.

- 11, Friedrich, 111111, 81111111111
01111111111881.11. 788. 0011111.
- 11, Friedrich 178811. 771. 0011.

- 11, 1111111111, 8111111· 1878. 11. 111.
01111111.

- 11, 1111111111111111111111111888. 11.
781. 0011181.- 1881. 11. 7880011111.
- 11, Heinrich, 811111,Ι111111111111
81111111111881. ΙΙ. 788. 001111111. -
1881. 11. 788. 0011111.
-11,111111111,111111· 1881. 11. 788.
00111181.

-11,Α1111111,1111111 1881. 11. 788.
ccxxxix.

1111111111 in der Ungergreee 111 1111111111
1871. 11. 77. 1111.

westendorf hei ’1111111 isio. ΙΙ. 178.
cmm.

— 1881111. 888. 001011.

111111111111, 1111111· 111 1881. ΙΙ. 888
001011.

when, 11111111 111- 1111. 11,. ι.

871. 11.
wuihhere· 1787. Ι. 788. 00111111.

- Prior ιιι iieiiigenhreu 1711. 1. 181.
0111.
-111111111111111111111111111 18871.
18801111.
- 11., 111111· 1111111111 11 11111ζ1111111
17881181. cmix.
-· 1111111111 1188- 1778. 1. 78. 11.
- Α111.111111787.11ς.1.711.11.
- cuper gredau 111. 11111111 1781. Ι.
778. 001111.

1111111111111111718. 1. 81. 11111.

1111111, 1111111111 11 81111111111111
1818. 11. 781. 00.

1111111111· 1111111111 1881. 11. 718 0011.

111111111181. 1. 8 11. - iiiii-¹21⁰.
177111.

11118111 11, 1111111111, 1111111881.
81. 1111.

- 1110111111111111888. 11. 778. 00111.
- 1111111811. 1711. - 1718. Ι. 88.
11111. - 1787. 1. 181. cmii. -
1788. Ι. 778. 000111.

1111111311 Gonni 1788. 11. 788. 00111.

1111111 ron 11181111111871. 11. 71. 1111.

1111111111 11, 01111111111 1788. 1. 711
001111.

-11,01111788.1.181.01.1111.

1111111113 1111111111, 11111111. Ι. 71.
111.

-11, 1111111111,11111 1788. 1. 718.
0011111.

11111 1111111 1717. 111. 1. 877. 111.

1111111 1888. 11. 771. 001111.

- ree, 8111111 1888.11.771.001111.
weber Fcier 1878. ΙΙ. 888. 0011111.
1111111111 18111111 1718. Ι. 11. mi.
111111111718. 181. 11111.

111111 11111111 1871. 11. 878. 00101.
8111111111111, iiruder 1887. 11. 881
0001111.

- 1111111111 1887. ΙΙ. 881. 0001111.

1111111111111 11111111 1871. 11. 71
1111.

1111111111 hei 81111111 1818. 11. 18
11111.

1111111111 1781. i. 781. cumini.

 

