Iolkhg 18, 1111888811,118881888 1803. 11.
18. XXII. — 130311. 1811111.

281188 1188818888 133311. 218. 0011.

2818881 1188818881 1331. 11 113. 01111.

2881818188 18, 1118888 1187. 1. 17111.

28888888 81118 8118 18 118888881 1272. I. 182.
CXCVII.

Lemlngdorf 1321. 11. 70. 1111.

28818318818811811 1321. 11. 70. LXXV.

Ζ88888818,888888818 1321. 11. 102. 1011.

28838818 81181188 1283. Ι. 283. 000111.
-1283.1. 281, 0001111. - 1301. 11.
7. 111.

2881 18, Philippus 1278. I. 211. CCXXXIL
88888 Heinrich 88 der 08 1881. ιι. τι.
1111.-1321. II. 71. LXXV. Ι
28888818 18 188 188888 8818118838888

1321. 11. 701111.
2183811181 88 08888131188888 132211. 30.

LXXVIII.
- 88 11188 1312. 11. 178. CLXXVI. -

1313. 11. 181. CLXXXI.
218888188188 Gom-g 1338. 11. 288. 001111.

mendorum. 11. 38. 111.

- 18, 11811188881280. 1. 221. 001111.
21181188, 11118 8881088 1331. 181. 11.

110. 1.

321

2881888888 Heinrich 1318. 11. 182. CLXXIX.
28818888 1888811 1880. 11. 337.
001011.

zaben-...dors 888. 1. 188. cm - ’

1232. 1. 133. CLXIV.

281881888888188 1281. I. 238. 001111.

2881118881881 1300. 11. 2. 11.

28888188188 1181811818, 3818 131311. 183.
CLXXXII.

— IIeymeL 3818131311. 188. CLXXXIV.

-1118818881313, 11. 183. 0111111. -
1313. 11. 188. CLXXXIV.

288818811330. 11. 208. CCIII.

288881 1217. 1. 32. XXXVII. - 1217. 1. 31.
XXXVIII. - 81888 12301731111.

2881188183132811. 118. 011.

288118118888 1270. I. 173. 01Π11111.

- 11188188 1381. 11. 838. 00011.

288111 11838818, 1217. I. 113. 01111. -
1328. ΙΙ. 123. CXIX. - 1383. 11. 381.
00011111.

- 18, 0118 12181. 113. 011.

28811188 1181881818 133111. 231. CCXXI.

281818131881888 1333. 11. 213. CCIX. -
1333. 11. 218. 001.

ι - 1181188188, 38881888 1333. II. 213.

CCIX.

 

