383

1 111111111111111 11111111111111111111111111 11111 111111111 111
’ 11111111 1111111111 11131111 1111 11111 111 111111, 111 1111111111,
111 111 11 111111111111111111 11 1111111111111 111111111111111111
111111 1111111111 111111111111, 1111 1111 111 1111111111 11111
1111111 1111111, 111111 11111111 31111111111111 111111 1111,
1111 111111111111111111 1111111111, dem Erwirdigen geistleiehen
1111111 1111 0111111111,1ι11111 11111111 01111111 1111111 guntzem
11111111111111111111111111111111111 111111111 11 11111 111 11111
1111 frumen 11111111111111,1111111111111111111111 geben, wem
11111111 1111111 11113111 11111. 1111 11111111111111 111111111111
1111 111 mich 111111111111111 111 111 1181111111 1111111 mit
111111 111111111111 1111111111111111111111 111 11181111111 1111
111 111111113111111 11 111111131111 111 1111111 111111111-
111111,1111111 111-11111111 111111111111111 recht 111 111 111
1111111 1111111 0111111111. Wer 1111, 111 11 daran 1111 11111 1111
1111111111111111, 111 1111 111 111111111111111 11 11 mit 11111
(11111 11111111111, 11111111 1111111 1111111, 111 11111111 11111
111111111111111111111111111111 11111 1111 1111111 1111 11111111
111111 111 11111 111111111111111111 1111 111 111 1111 111111 1111111
gut, 111 11111111 11 1111111111 11 0111111111, 1111111 11111
11111, 1111111 111111111111111. 1111 111 11111111111 der
1111111 11111111111111111 111111111111 111111, 111 1111 1181111
11111111 11111 111111111, 1111111 111 113111111111111111 111
Karrea· 1111 11111111 111111111111111 11111 1111111, 1111111111
111111 1111111111 11111 11 111111111 111 11 gener 111111 111

11111111111311, flunmen 111111111111119, 111 1111 1118111111

1111111111 111 11111111 111 11111111 Sohretenperyor 111 011111 111
Wulfleimdorffer, di 1111· 111 1111 111111131111111 11111, 111 111
1111 1111 111311 1111 11111111 11111111111 11111111, 11 11 1111111.
Der 11111 111 gehen 1111 1111111 gepurd 11111111111111111 111
1111111 11 1111 my 111111111111111111111, 1111111111111111
8111 ,11111111113 Gotes 111111111811111111111.

01111111 1111113111111111 11111 8113111, 111 111111 11111.

 

