188

·- 188711. 878. 88818. - 188811. 11111 11,111111111,1“111111181111
888. 881111. -1877, 11817. 88111111. 88. XXXIX.
-1888118818881-188111888. - 11, 8111111111, In· 1888. 1 888.
8881. -1888 11. 871. cccxix. - 8811118111.
1888. 11. 888. 8881118111. -11,1111111,11111111818.11.88. XXX.
81111, 8118111118871. 888. 88111. - 11, meunt, 1111111 1811. 11. 88.
- 111111 1818. 11. 88. 11111. XXXIII. ·- 1811. 1181111118.
-81111118111 111 1888. 11. 888. -11,111118118,11111111111818. 11. 88.
8881118111. XXXIX.
-· 1111111111 11 1811. ΙΙ. 88. 111111. - ·- 81, 8111111811, 11111111111188111.
1811. 11. 88. mlv. - 81,1111111111,111111878118188118.
- 81, 11811 1888. 11. 88. 11811. - - 1111131111 111 1881. II. 188. CII.
1818. 11. 87. 1111. -· 1811. 11. 88. - 1111181111 1887. 11. 881. 88111.
XXXIII. — 1817 11. 88. 18111. - 8111111818 zu 1887. 11. 881. CCXIX.
- 11, 11811118881118 81.. - 1881. ·- 1111818111 1887. 11. 878. 88818.
1. 188. 111111.-1111.1. 188. 81111- -111111-11111111 11 18811. 11 818.
1888. 1. 188. cmv. - 1888. I. 187. 88111881.
CLXXIX - 188811788111111. - - 0811-1111111111 111 1888. 11. 888
1871. I. 178. CXCIV. - 1871. I. 188. 8811118111.
cxcv. - 111111111111111111111. ccxx.
-11, 118111, 11111 1888. Ι. 888. 111111 1111111111 1811. 11. 88. XXXIII.
88111111. 8111118881811118111111111181111111
ω 11, 11811181, 81111 1888. 11. 188. CIII. 111111 1888. 11. 888. 8881118111.
- 11, 81111111, 1111111 811111 18881. 11111118111188811888. 8811118111.
1818111111. 111111111111111111 1888. 181. LXXI.
- 11, 81111111 1871 1. 187. 88118. 811181 111111111181887181. 1887, 81.
- 81, 8111111111 1877. 1. 811. 88111. 8111111111 11811111111111 11111 1888. Ι.
- 81111111, 11111111τὶ181 1888. 1. 88. 118. 818.
1181. nmen 1888. I. 88. XXX· - 1811188
-11,1111111111111888.1.18881111- XXXVII - 1817. I. 81. 1118111
1888. I. 11881. - 1111111888. I. 118. 8111111181, potamio 1811. 11. 111181.
81111. - 1881. 1. 1881 818111. anthemus, 81118. 1. 8118111111 1881
- 11, 11111111111111888.1. 118. 8181. 181. LXXI. - 1888. 111. Ι. 888111
- 1888. I. 181. CLXII. - 811111 1. 81111111 1888. I. 81. LXXI. -
- 11, 11111118 1811. IL 88. XXXII. - 1888113. I. 888111.
1118111111817. 1188111111. - 1888. 81111111, Eub. 1. 8111111111 1888. 1. 287.
11. 188. 8111. eccm. 5
- 11, ouo eim 1888. 1. 188. 8881. - 81111111, 1111181111 188811. 118. 8111811. 1
1888. 1 888. CCLXXI. - 1888. 1. 811111111181111818811188881888. 3
111. 11111111. -1111 1111. 1. 111. 1111111111 1111. 111111. - 11111. ι. I
‘ 1111111111.-1111.1.111.11111111. 11111111-11111. 11. 11111- 4
1888. 1. 871. 888111- 18881. 881. 188818118818- 1888181. 1
111111. 111111.- 11111. 111. 11111- I
-11,1“11111811,811111878. 1187. 1888.1.188.811181.-18ι18.11178. 2
88111. CLXXIII. ’
- 11, 811118, 8181 1818. II. 88. XXXIX. «- 11, 81111111,1111111888.1.881.8818
-81,11811111,1111 1888. 1. 888. - 81,81111811,11111111888.1.888.888
ocum - 118111111111888. 1. 188. 8111111.-
8111111, 8111111, 8111187111. 18188118. 1888. 18818811.
- 11, 8111111118, uxor 1878. I. 187. - 11,811111111,111111881.1.887.8811ι
88118. -· 18711. 811. CCXXX· -1888, 1881. 888.

 

