881811118, 113181818111811118818118181
18 18188111181888. 11. 178. cml.
8111 11118 1888. 1. 187. orm.
811818 1888. 111. 1. 888. 1. -· 1188. 1.
111. cim.
-· 11111 811818111 11188 11 1111188 1878.
1. 818. comm.
- 111., 8811181181, ungitur 88111 11
111881, 81111381118111888. 1188811818.
&dream 1878. 11. 888. ocum.
8118111811. 11. 11. 8111.
81818 18181. 118. 811.
81818811111, 81188 1178. 1. 8. 11. -
1888113. 1. 818. 811.
- 01111-1888. 118. 1. 818. 811.
- 111181- 1888. 1. 878. 888111.
8111881881118 81181111 1888. 11. 888.
ccmvm.
8181881181181118111181 1818. 11. 88. 8111.
- 1111181 1818. 11. 88. 8111.
818111111181 18, Gemma, 1111111888.
1811818.
-— 18, 881111111888. 1. 81. 1818. -
1888. 11. 87. mnu.
— 88, 1181118118 1888. 1. 81. 1818.
- 88, 118181181 1888. 11. 88. unm.
-· 88, 181118, 11811818 1888. 11. 88.
mmm.
sicfridus, 81181. 1. 1838111111 1887. 1.
881111.
81818118118118188 88181, 8111118111
1818118111811 181811. 187. CLXXXIV.
Siessmdd, 11188 1178. 1. 811. - 1818.
118. mn. -· 1888. Ι. 81. mx.
—· 3111118 118111. 188. - 11811.
88. 81.
-18,111118111188. 1.8.1.
8113111188, 111118 8811118111811 1888. 1.
118. (11.1.
81111118, 1811818111198- 1888. 1. 88. 88.
- orphanae, pmpor. 11 181111111818.
188. nm.
- 81818111 81 118181 8188811111 1881.
1. 18888811.
- 88881188, 111. latit-Zeu 1888. 1881.
cem.

- 11881811118 18118. 1. 888. 88888111.
- magister 81111 118888181111 11 1181-
ligamen: 1888. 11. 818. CCXXX.

Sitring 1818. 111. 1. 881. 881. -· 1888.
11. 118. 8811.

189

8111111, moder- 1881. 11. 11188111.

- 0111-1881. ΙΙ. 111. exu.
81388181881111811888. 11. 187. cm.
§igliur 81 81118118111811111878. 1. 181.

88811.

8131181111, 111181 11111 111811. 7. 1.

- archipresbiter 81 propositus 81. 811-

181 1888. 1. 118881.

- 1111818811381118111881. Ι. 888.
8811111. - 1888. 1. 811. cem. -
1888. 1. 818. cem. - 1888. 1. 811.
CCLXXII. - 1888. 1. 817. comm.
-188818188818111, - 18811.
881. 88188111. - 1888. 1. 881.
8811181111. - 1881. 111. 1. 817.
8111. - 1887. 1. 881. ccmx. ··
1887. 1. 888. 88118881. - 811881888.
Ι. 888. 8811118811. - 1888. 1. 888.
8818881 . -1888, 1. 881. 8818881111.
1888. 1. 881. 8888.

81811111, 111 r. fleiligenkrouz (1888.) Ι.
881. 881181.

Simon, 81181. 1. 8181118118111818. 1.
81. 88111. - 1817. 1. 88. 1188111. -
1817. 1. 8188111111.

- 1111111811. mummi· 1888. 11. 181.

88111.

·- 1111. 11811813 1888. 11. 887. 8818.
- antolianus (18 0111, 1181181181 11818-
1181111 1881. 11. 181. 881111. -1881,
11. 1888818. - 1881. 11. 188. 8.
-88818111118 18 0181 1878. 11. 887.
88881.

- 1111 1118111818 11 1818111181 188811.
1111881111.

-- zu 1111811811 1881. 11. 181. 81111.

- 11 1811111118 1818. 11. 188. CLXXIX.

- 18 1111111 8181118 8118118 1818. 11.

8811881181.
- 181 dem Anger 11 1111811818. 11.
188. CLXXIX.

81881118111871. 11. 888. cem.

Sinering 1878. 1. 811. 88118111.- 1888.
11. 888. 888881. - 1818. 11. 878.
cetu. - 1818. 11. 888. 88111. -
1878. 11. 888. (18181. - 1871. ΙΙ.
888. 8818111. - 1871. ΙΙ. 888.
(1818111. ·- 1888. 11. 888. 8181181118.
- 18, Philippus 1888. 1. 818. 8818811.

8111181118 18, 11811811111811. ΙΙ. 88.
11881111.

32·

 

