142

11111111111 111, 111 111 1111111111111111 111111 1111111 111111-
tage 1111111111111111 trg.

original 111 Pergameni 1111 1111 8111111.

CXXXIX.

111111.1111111,1111.- 1111111111 Tridentini 11111 rein Hmfru
rliflen 1111 in der ,11111 Hannonem 1111111111 «nd 1111111.

111 1111111111 Tercle 11111111111 sein lrausvrowe, Wir
veriehen 111 111 1111111111 111, 111 dienen 111111111111111 111111
lesen, die 11111111111 11111111111111111111, 111 111 mit guter
willen 111 gunst aller 11111 11111,111111111111111 11111 111 nit
gesampter 1111 11 111 1111. 11 wir 11 wolgetrrn 11111111, 1111111
zeiligenr 111 11111 penten 111 11111111 1111111. pei 11111 paine
lemtigen leibe 1111111111 11111111 111 1111111111111111 1111111111
111 1111 1111111111111111 1111111111 1111 11111111 1111111111111
111 1111111 6111111111 111111. 1111111111111. 11111 1111111111
111 111 Samnunge gemnine 1111 (lem 111191111111111, 11 wir 1111111
11111 11 ligen‚ 11111 11111 weingarten, 111 1111111111 111111111-
11111111111, 111 111 111 1111111111111111111 1111111111111111-
11111111111, 111 11111111111 en 1111 1111111111 111 1111111111
1111111111, 111 111 111111 11 Praiterwewer rigen 111 1111111111
Generi. Die 1111111111111111 weingarten 11111 11111111 egenen-
1110111111 31111111 11111111 111111111111111111111111, 1111111
1111111111 11111111111, 11 111111 11111 1111111111111 11111 111
1111111111 zwen weingarten 11 111111 ewigen 1111111, 11111111
111111111111 111 111 111111 111111 alle 111 hegen 1111 in 1111
1111111111 1111 1111111111, 111 11 111 111 81111 1111111 went, 111
vigilie 111 mit 81111111, 111 111 1111 111 Jacob 111 sein 1111-
1111111 111 1111 111 01111111 11 dem selben lage ewielrlinh geben
1111 Converte grmnine pride herren 111 11111111 1111 guter 11111
1111111 111 111 Semel 111111 gneznen 111111 1111111111 weim. 111
si 111111 1111 gewonhait 111 111111. 1111 111111111111 1111111111
1111111, 11111111 1111111111111111111111 1111 1111111111 11 guter
1111111 111 selben 1111111 11111111111111111111111111111 11111.
1111111111111111111111111111111 11111111111111111 111111 ane
111 1111 11111111111 11111111111111 111 111 111 weingarten 111
1111111111 111111111111111111111, 11111 11 gerrellet, 111 (111 11111
engebe, 11111 gepewen 11111111, 11 111 111 11111111111111111

 

