161

0111111 11111111, 11111111 1358. 11. 211. 1111111 11111111, 11111 1358. 11. 211.
1111111.- 1358.11. 212. 00111111. 0011111. -135811, 212. CCXXVII.
— 1ο1111111,111111358.11. 2110011111. - 1111111 1308. 11. 21. XXVII.
- 1358. 11. 212. 00111111. - 01111111,1111111111113151110001101.
- 1111111 1360. 11. 256. 0011111111. - 1310. 11. 108. CXCIV.

1.

&Iu 111111 1321. 11. 68. LXXIV. 1111111111 gener 1111111111 11011111, 11111
1111111 1311. 11. 111101. 1212. 1. 17. XXXIV.
11111111111111111111111111111.111. - mue. Ie swadorr 1111. 1. 111.
eccm. 011.
11111111111111 11, 11111111 1285. 1. 211. - 1111112701221001111.
00111111. 11111111, 011111 1111 301311111111111 zu
1111301111 131011. 107. CXCIII. 111111 1111111111 1307. 11. 21. XXV.
11111111111111111111111270. 1. 1710111111. 111 1277. 111111. 312. X. - 1371. 11. 301.
1111111111111111131111, 1111111111 132211. 00011111.

83. mxl. -81111133211, 151. CXLVII.

— IIugo 1322. 11. 03. LXXXI. 1111111111 11311111, milet 1256. I. 133.
11111 1330. 11130. 01111111. CXXXIII.

11111111111 11., 11111 1130111111. - 11111111 1136. 1. 3. 11.

1178.1. 11. VIII. 11111 1111111111 1200. 1. 283. 0001111. -
Innocentius 111.. 01111 1207. 1. 33. XXVIII. 1200. 1. 281. CCCXVII.

- 1210. 1. 11. mn. - 1211. I. 18. luove 0111111111, 111111111111 1200. 1. 11.

XXXV. - 1228. 1. 70. LVII. ml.

-·· IV. Pnpst 1215. I. 100. 0111. 1111 1111111111111111111 1203. 1. 31. XXIV.
11111111111 11, 0111 12831235. 000111. lvo, 0111188. Laurentii 1111111111 1130.
[amineam 11, 11111111 1286. 1. 251. 1.5.111.

CCLXXVII. 11111111,1111111.1. 01111-111111111 1323. 11.
111111111111, 11111111 1233. Ι. 270. 000111. 03. Lxxxx. — 1323. 11. 06. XCII. —

-11111111111111203 1. 270. 000111. 1321. 11. 00, XCIV. — 132711. 116.

- de, 0111111111 1111111203. I. 270. 000111. CXII.

-11, 0111111111, fili· 12031. 270. 1111111 11111111111111, 1111111111350.

000111. 11. 215. CCXXX.

-·- 11111111111201.1.271.00011.-1201· - 11, 0111111111 1350. 11. 215. CCXXX.
1. 271. 0001. -11, 1111111, 1111111 1350. 11. 215.
- 1111 8111111111 135211. 215. 001111. CCXXX⁴ ¹

- 1310. 11. 251. 0011111111. -11, 1111111111 1311011215. CCXXX.

J.

11111111, 0111. nine. 1111111 1111111 11 1330. 11. 132. 0111111- 1330. 11, 133.
0111111111 1187. 1. 22. XV. CXXX. — 133011. 131. 01111111- 1330.
,111111 1111111, III 1. 01111311111111 1320. 11. 135. CXXXII. - 1330. 11. 138. 01111111.
11. 125. CXXII. - 1330. 11. 110. CXXXVII. - 1331. 11.
- Α1111.11111ἰςε1111111 1330. 11. 128. 112. CXXXIX. —- 1381. 11. 115, CXLI.
cm. - 1330. 11. 131. CXXVIII. - -1331.11.110.0111.11.-133111. 117.

 

