488

88111181,Ι118118118818 imm. 1318· 1188118111, 8188181 188 8118881818 1288

u
- 881 8818181288. 1111. 1. 821. 11.
- 1181 888111811288. 118. 1. 821. 11.
- 1181 8111811881 1818. 111. 11. 487. 11.
- 818118188818128812818818118.
-11881818818818188818 1888. ΙΙ. 24.
nvn.
-· 881 88181 188 18818811 1818. 11. 27.
1111.
- 8818818188818118 1118818111. 111. ΙΙ.
18111.
- 88188888 188111. 78111111.
-188 8818818, 8181181 1848. 11. 181.
cmvm.
- 8818118181 1818118. 11. 488. 11.
- 188 metunt-dor! 1888. 11. 888.
881811.
- 88188188118811818181811 1888111.
11. 41111.
11881188111. 1188818181 1188. 1. 8. 11.
- 8888818111. 11188, Herzog 188 81181-
181811188. 1. 1. Ι.
- 18818111881.8,11.
- 11818881.8111118181811881178.1.8.11.

- 181111 11881181, 1181881 188 8118118111
4178. 18. 14.

- 1181883181 8118118181, 81188 1177. Ι.
9. VH. - 1¹82· 4. 4141. - 4487.1. 47.

111. -1188, 128. 111-1188. Ι. 24.
111. - 1288. 1. 84. 1111.

- 8888111181, 88818 8111811188, 1181888
12871. 188. 811118.

- 118 11811888, Herzog 188 8818118181,
811881182. Ι. 12. 11.-1288. Ι. 88. 111.
-1188-1228, 1. 27. 11. - 1882. Ι.
78. 81111-1282. Ι. 88. 1111. - 1288.
18881118.

- 1188 81181. 1188. 1. 8.11. - 1288. Ι.
184. 811111. - 1274. 1. 188. 881. -
1274. 1. 181. 88118. - 1278. Ι. 288.
88111. - 1288. 1. 248. 881111.

- 8181811111881181181 188 881818 1828.
11. 84. 111.- 1828. 11, 84. m.

-1181883 188 881818 1888. 11. 184.
cm. — 888. 1888. 11288. 88111.

-888113181188 Thuringi! 1281. 1. 88.
mxv.

— 8118181 18 111888 1188.1. 111.-
1187. 1. 22. 11.

- 81181811. 88881 12881248. 881111.

ng. 1. 811. 111. - 1111. 1. 181. ’
88111181.

- 8118181 188 18818118 1828. ΙΙ. 88.
11111. -· 1828. 11. 88. 188.-1828
11. 88. xciv. - 182111. 118. 8111.

- 18118818118881. 1288. 1. 78. m.

- 111188 8118111 12271. 87. lm.

- 111188 Pilia 1877. 11. 818. 8881111.

- 111181181111 Unum 1877. 11. 818.
88111111.

- 1.,111 1881188138111811 11882 1. 7.
1. - 1178. 1. 11. 1111. - 1182. 1. 12
11.· 11881. 18.1.- (1)(811881212).
1. 47. 11111.

— 11. 811 188 1181838811881 12811. 127.
8111.-811811288. 1181. 8111.-
1288 1. 148. 81111. - 1288. 1. 148
cmx.

- 11., quondam Α11881188111μ811818
12881. 148. 81.. - 1281. 1. 182. 811.
- 12811188. 81111.

- 18., 111188 88188881188112881
188. 811811. - 12881. 182. 811111.-
1288. Ι. 188. 81111111. -81188 1288.
Ι. 178. 8111111. - 1278. Ι. 172.
clxxxv. — 1278. 1. 178. 8111111181-
81188 1278. 1. 1788811181.- 12781.
178. 8118. -81181 1278. 1. 177. 8181.-
1271. 1. 177. 8188.

- ΙΙΙ. 8811181818,111 1811181838811811
1271. 1. 178. exem.

-111, 111 1881188118111888 1271. Ι.
178. cxciv. — 1272. Ι. 188. 181811. -
1272. 1. 188. 81111.- 1278. 1. 188.
88. - 1274. 1. 188. 881. -1274, 1.
188. 8811. - 1274. 1. 188. 88111. -
1274. 1. 182. 8811. - 1278. 1. 182
881.-1278. 1. 184. 8811 -1278, 1.
18888181.

- 81. 8811811818, 11118888111μ8188
12781. 187. ccxlv.

-81., 111 188 888188111888 12781.
280. 881111. - 1278 l. 281. 88111. -
1277.1. 288. 8811111. -— 1277. 1. 218.
881111. - 1277. 1. 211. ccm-
1277. 111. 1818. 111. - 12781217.
ccmo. -1278 Ι. 217. 881111. -
1278. 1. 218. 88111181. - 12781 ,
228. 8811. - 1288. 1. 224. com.
-· 1288. 1. 228. ccum. - 1288

 

