xxxin

1111, 11. 111111. - Alban, 11111111 von 1111 man 11 Men, munst a
1111111111 uim 11111111 111 Antei Ha‘lt‘mkm 111 Hm und 111111
1111111 Bonan, 11111111 anem den 1111111111 “

. 11111111 gonant 111 don 81111 1111 Puden 11111111 11111·
111111 111111 11111111 11 111111 11111111 11111111111111 1111111. 1
11 11111111, 1111111111 11111111111, di 111111111111111111 1
111111111111, 111 111111111111111111 1111111111 1111 1111111111
11111 111 mit gesamtnr 1111 111 mit 111111 gunni 11111 111111 1
1111111 111111, 11111111 11111111,1111 111 111 mandet 11111
111111 1111111 111 1111111111 111111111111111111111111 111111-
11111111111111111 111 1110111111111111111 111111 1111111 111 ³
1111111111 ’111 mein 111111 1111111 (1111111111 1111111ιῦ111 111 1
ulle 111111111111111111 1111 11111111111 11111111111111111111 1
1111 111 1111 1111111111, 11111 1111111111 111 111 11111111111111
Puden, [1118111111 111 dem 1111111111 0111111111111111111 111 n
111111111111, mit allen 1111 11111111111111 111111 herprneht
haben in 111111 111111 1111111111 1111111111, 111 11 111 111111. ἰ
11 wien 11 1111 111111 11111111, 11111 1111111, 11111 111111 111
allen 1111 1111 1111111111 111111111111111111111111 1111 11111
1111 111111111 11111 1111111 11111111. 1111 111111111111111111- ³
11111 111 11111 1111111. 111111 1111111 11111111181111111 surgen
111111 11111111, 111 1111111111 11111111111111 11 1111111111
11111111111 11111111, noh 1111111111113111111111111111111111,
111 1111 1111 11111111111111, 111 diser 11111 11111 111, 11111 wien
11111111111111111, 111 11 1111111111111111,11111111111111 1111111
1111111 111 1113111111111111111111 1111 11 111111, 111111111 guent:-
11111 11111111 11111, 11111 1111 1111111, 111 11 11111111 1111111
1111111 111 111 1111 11111111111111111111111111011111111. 111
1111111111111 11111 111111 111 111111111111, 1111111111 wien
11111 1111111 ninom 111111 11111111 111111111111111111 01111
insigel des 1111111 111 1111111111 111 11111111111111111111111
1111111111111111111111111111111111111111, 11 111 111111 11111111
gezeug 111 1111111 1111 1111111111 11111111111111, 111 1111111
11111111, 1111111111111111 1111 1111111111 Man, 1111 11111911
111 11111111· 111 111 0111111 11111111, 11111111111111111 111-

1111111, Her 11111 111 Puden, 11111111 111 8111 111 11111 11111

 

