nezinnnnesdorf 31, 111111,11111. 11321.
12.11.

1111111111 1331. 11. 213. 001111.

111111 311 11131 1313. II. 33111.

3111113 31, 01111311 1227. Ι. 33. LV. -
1213. I. 113. 011-1233. I. 121. cn.
- 1237. I. 133. 13.-11111. 142.
CXLV. -1233, 1. 113. cmx -· 1232.
1. 114. 011111. - 1232. 1. 133. CLXVI.

, - 31, 01111311,111111 12331. 133.
cmm.

- 31, 01111311, 1111111232. 11131.

231. 11.
- 31, 1111111111, 11111 1233. 1. 121. 011.
- 31, 11111113111237. I. 33. xm. -
1227. 1. 31. LV. -1232.113.1.231.11.
- 1233. 113. I. 317. 1111.
- 31, 11111111311, 11111 1173. I. 111.
-1237.1. 33.1111.-1232.1.133.
CLXIII. ’
- 31. 111111113111233.1. 112. 0111.
- 31.11111111, 11111 1173. 1. 3.11.
- 1227. I. 33. LV.

- 31, 01111111111111232113. 1. 234. 11.
31113113,1111111111 1233. 1. 31. mm.
1111111131, 1111111111, 11111111 311111111

1324. 11. 37. 10111.
111111111111111, 1111111123. ΙΙ. 112. 011.
- zu 11111 1332. 11. 331. cccxxiv.
3111113111111, 1111111111 311 1333. 11.
231. 00111.

31111113 31111131113111233. 1. 321111.

1111111113 31,3131, 11111 12111. 1. 43.
mm.

111311111311131, 11131111 133111. 13. 111.

¹ 1111111, 111111 von 111331111111 1231.
I. 273. ccclx. ,

111111 1233. I. 273 30011.

- 11311111 1111111 1233. Ι. 131.
cmm.

3111111131, 1113111111 1233, 1. 243.
0011111.

1311113111 31, 31111111 1233. 113. 1. 311.
1111.

- 3111111111, 1111112311. I. 121. 311.
11111111 1133. 1. 2. I. - 1234. 1. 123.

01111.

- 11113 1331. 11. 4. 11.

1111111113 111 311311 133311. 311. 00101.
1111111311,11113 1111111311 1373. 11. 333.
0011111111

133

1111111311 1110113113111111111333. 11.
343. 001311.
3111111311 111 311111311111111 1373.

11. 333. 0011111.

11111111, 1111131311 111 1111111113 1323.
11. 112. cx.

111111111111 1373. 11. 333. 0011111.

1133111 1233. 1. 131.311111.-1233. 1.
113. CXLVII. — 1211. 1. 133. cm.
- 11111. 111. emt. -1111, 1. 111.
0011111. - 1331. 11. 13. 11111. - 1323.
11. 117. CXIV. -1312, 1117301111.
- 3111111 111, 31311 11111111 1312. 11.
173. 011111.

-111 31111 1371. II. 237. 00111.

- 31, 31111113 1313. 11. 11. XLVIII.
- 31, 11111111 1233. Ι. 143. CXLVII.

11111131, 1111111111, 311111 11111111 1324. 11.
37. 10111.

1131113 1131111111 13111. 11. 333. 0001111.
-· 1111111113, 1111311 1333. 11. 333.
3001111.

3111113111 31, 31111311 1233. I. 233.
3311111.

1113111111 1133. 11. 271. ceu.

11111 1111111, 1111313111343.11. 133.
0101.

11111111 31, 1111111, mileu 11111 1113. I.
131. 1311.

1111111113 01111311, 111111, {Io-herr 111
1131111113 1333. 11. 317. eccm.

- 31, 1111111111247. 1. 113. CVIII.

11111131131113111111 eomes 1133-1213.
1. 23. 11111. - 1133-1213. I. 27. XIX.

1111111113 31111111111 12331. 113. cxm.
- 1231. 1. 131. cm.

1111111111 31, 1111111113,111331. 1111111.
1237. I. 37. LXXXV.

1111111111131, 111111 1231. 1. 237. ceux.
- 31, 31111111 1313. 1113. XLVII.

— 31, 11111 1313. 1113111111.

- 31, 1111331111. 11. 13111111.

IIoIennIoph 31, 1111111111 11 3111131111 111-
1111111 1137. 1. 33. 11111.

1111111311, 3111111131111113 1233. 1. 73.
m.

IIoj0n 31, 11111, 1113111111111 1233.
113. I. 321. 11.

131111111111, 11111 1177. 1. 13111.

111111111111 1273. Ι. 133. 001.

- 12731. 134. ccxl.

 

