 

290

gemainchleich igieichen 1111111 1111 111111111111111111 geben 1111
81111111 11111 111 111 1111111. 111 111 11111 mein 1111 1111111
11111111111111111111 11 ir 1111 1111111 gen, 1111111111111111111
11111 pest geueliet, 111 111 111111 geben igleichen die gromen 111111

1111111, 111 11111 111111 111111 111 11111111 1111111111 11111 1111111111
111111111111111 11111 11111111111111111 1111111 1111111111 1111111
11111111 11111 111 1111111 11111111 tag 111 1111111111. 1111111111, 111
111 pei 1111111 1111111111 11111 1111111 1111111111 1111111 31111111
111 1113111111 3111 widem 1111111111 wolt, 111 11111111 11 11111
111111 111 1111111111 1111111 111111 1111111111111 pei dem egenamen
11111111 11111111 111 1111111111 mir danne 111111111311111111111111
1111111111 111 1111 111 11111111111 11111111 gelts mit sumpt 1111
1111111 111111 111 1111111111 phening 11111 1111131111, 1111 11111111
1111 11 11111 111 11111111 11111111 111 11111111 1111111111 11111111
11111111 pogen 11111 11111111111111 1111111111 111 11 dem 11111111
111111311111111111111. 1111111 1111, 111 111 pei 11111111 leba-nuga
1111 1111111 11131111111 1111118 1111111 11111111111 11111111111111
11111111111111 111111111111 3111111111 11111 1111111, 111 111111
11111111111, 11 mugen 111111 11111 1111 11111111 111. 1111 1111111
111111 111111, 1111111 1111111111 11111 gestes 111111 widem 111
1111111, 11 11 1111111, 111 11111111 1111 1111111111 pei dem 1311111111
1111111111111111, 111 1111111111 1111111111 mir 111 mein 11111111
11111311111 11131111 1111111111 1111 11111111 1111111 11111 1111
11111111,111111111111111111111. 1111111111, 111 111 1111111111 111111
11111 1111111111 111 11111 111 11111 pegingen, als vorgeschriben 111
durch 11111111111111111111, 11 111 manin pegen 11111 111111111
11111. Γ1111111111 11111 nicht, 1ο 111111111111111111111 1111111111
11111111111111 11 111 1311111111 gul! 111111 11111111 11131111
haben, 111 111 111811111111111 1111111 111 gar 111111 3111111111
11111111111. 11111 gib 111 111111111 11111111 1111. 11111 11111111
1111 1111111111111 geben 11111111 11111 1111111111111111111111
111 11111 111111 31111 1111111 111111 tugen in dem 111, 11111 111 11111
heiligen 113, 1111111111 8111111111111113, 1111 11111 118111
11111111311111111111 poten. Vnd 1111111111111111111 111118111111
1111111 1111111111111111111, 11 11111111 11111 1111 1111111 waren
1111111 1111111111 1111 11111111 insigeh des ist auch 1111111111
1111 111Η1111111111111111111111111111 mit 11111111 111131, 1111 1111
1111 111111111 111 (1111111111 1111111111 1111 mit 11111111 11111311

 

