800001011οο 10, 1100000000, 0100012001.
100. 00111.

-10, wernerius, 01000 1000. I. 100.
cnvII.

000000100000 1000. I. 1100011.

800001000οι, Wiener 111ος00 1090. 11.
370. 0001111.

- 1000, 00001000 inno. 11. 070. 0001111.

80011000ος annoto, 1100100101 00010 1000.
Ι. 01. 1111.

-10, 1101010000 1007. I. 07. 01.
80000000οο1 10, 110οε301100, 01000 1190.
1001111.
0000000000111000001100, 11101010οῖ01 1001.
I. 01. 1111. - 1000. Ι. 11. 1111.
8000001οο 000001 1007. 11. 001. 00111.
80000010οε0 000001, 01ος00 nn 11100 1000.
11000. 001111.

8000001000 000001, 1110000 0103001000.
11. 007. 00101.

00000000 00000000 1001. 11. 70. 0111.

00000010000010, 0000011300. ΙΙ. 110.
01110- 1009. II. 100. CXXI.

- 10, nitherus 1000. I. 100. 0111111.
- 1070. I. 171. 01111111.

-10, 0011001000, 01000 1170. Ι. 0.
11

- 11101000, 11101010οἰ01 11701. 011. -
1170. I. 0. 11.

-10,010001, 110οι1000 1300. 11. 110.
cvm.

- Weingerten hei 111. 11000000 1010.
1001110111.

8000100001 000001000. I. 01. 01111. -
1000. I. 01. 011111.

80001100 nn Wien 1330. 11. 109. 0111.
- 101 (Thomas I.) 1307. II. 00. 111.
- 101 (1110010001.) 1911. 11. 30111111.

80οη1111001000 1070. II. 010. 00011101.

- 1000. II. 311. 00101.
8000011000, 11οἰ0000100 001 01010101100 1001.
11. 101. 01.

- Eberhard, Bnrggrei 00 0100010000ἰο
1030. II. 100. 01111.

00000100οο00εο nnn 00001, 0110 1308.
11. 1700011111.

Sehretenhergeroitn 1038. 11. 1700011111.
-100000 1000. II. 003. 000111.

0000100 1001. 1070. 0001111.

80001ορ0 0001011000. 11. 000. 0011111111.

80000000010011071. I. 192. 0011.

000100Αο10. II. 01111.

197

00011000000100 00010011 1011. 11. 177.
cmiv.

— 00010011, 000100 1010. 11179. 011111.

- 01010100 101011. 170. 001111.

- 01000, 110001οι0 1310. 11. 170.
001111. .

8000100 00100100 1010. II. 10. 1011.

- 01000010, 1101001000 111100 1011. II.
100. 00111101.

- 011οΙ0 00 01011100 1010. II. 100.
0011111.

0000100110010100 1091. 1. 070. 00011.

0000011ος 00001000 01001000 0011001ου00
1001. II. 018. 000.

80000100000οι11000. 11. 100. CIII.

-100000 1001. II. 0010001111.-
1091. II. 000. 000111. - 100011.
001000111111.

0000100101 81101100, 01010 Viennensis 1070.
1. 017. 001111.

sennan conred 1300. 11. 000. 0011111.

80000100110, 0000000100, 101100 1000. I.
100. LXXXVIII.

- 10, 0000000100 1000. I. 100. 01111.

·- 10, 00101100, rivin 10 10000 1070. I.
190. 0011.

-10, 10001100, 11100 1070. I. 000.
001111. - 1111001070. I. 000. 001111.
- 1011001079. I, 010. 0011111111.

80001000 In 100 (101000οςωο 100011.
007.001111111.

0000101010 100100, 010ος00 0001001000.
II. 000. 0011.

8000000010000010010701. 170. 0011111.
- 1070. I. 010. 001111.

80000001010810000000 1071. I. 109. 001.

800000100000 1110100, mem. 1000. II. 000.
0011111.

-101000100, 111100 1000. II. 000.
0011111.

000000000ιο 10, 1111001000 1000. Ι. 30.

mv.

— 10 00011, 0110, 01000 1070. I. 170. ,
010.

80000000000010, 1100οἰ000 1070. I. 100.

001111.

- 10, II. cirin 10 00000 1070. I. 100.
0011.

- 10, Heinrich 1070. I. 109. 00111.

-·· 10, 00001000 1270. I. 100. 00111.

-1070, 1000. 0011..

00

 

