1337. 11. 777. CCLIII. - 1373. II. 305.
31717711.- 1330. 11. 333. 337311.
711011301111 311 1111011 1353. II. 713.
CCXXXIII.

- 30, 01111011, 310111301111011773.
I. 717. 337771.

- 30, 1110111001, 101101 1753. Ι. 171.
371.

- 30, 3111011 1330. 11. 133. 377711.
- 30, Philipp 1301. II. 13. 717.

- 30, 01101751. 1. 177. CXXIV.

— 30, nortboldum, 011011753. I. 171.
CXV. - 1737. I. 155. CLXIII. - 1737.
1. 153. CLXII. - 1731. I. 131.
CLXX.
711101301111, 31101311 1735. I. 717.
CCLXVI. - 1735. Ι. 711. 33771.
7111111301130, 1100001311 1753. I. 113.
CXIII.

1111 vm· 1111111. I. 100. 11.

7111170711) 1751. Ι. 173. 371111. - 1751.
I. 173. 3717. - 1733.1.170.31.777111.
- 1771. 1. 137. 3311. - 1733. Ι. 773.
3377111. - 1733. I. 731. CCLII. -
1733. I. 753. CCLXXIX. — 17301.
753. CCLXXVI. - 1737. 1113. 1. 313.
71111. - 133011. 130. 37711.

70111 11111001, 001011703. I. 31. 7711.

710101ςο111 Fr„ 311101 10 nummum
1731. I. 733. CCLXII. - 17351. 711.
CCLXV.

- 71., 1100130110 703110111010 1777.
1113. I. 313. 711.

71311011 1333. 11. 157. CLIV.

7131011 1333. 11. 73. 7711.

71311011,1.01100 1373. 11. 33117771.-
1313. 11. 13. LII. - 1337. 11. 733.
CCXXIV. — 1313. 11. 133. 37311. -
1315.11. 133. 3731. - 1337. 11. 330.
3337711. - 1333. II. 333. 3337771.
·- 1337. II. 137 3133777111. - 1703.
1. 10. 7771. - (13017) 11. 13. 77
- zu 1131110 1357. Il. 733. 337711.

7111111 101 70011011 1373. II. 313.
3377771.

711130, 71110110011733. 1. 137. CLXXIX.
1731. I. 777. 3337.

711011110010171101111001111 001101 1777.
I. 133. 3731111.

1111110111 3111011111101101 1377. 11.
33. LXXVIII.

113

7111311111 1753. I. 133. 3777111. -
1331. II. 735. CCXXIII.

-- 30111011011111011753.1.133. 3777111.
- 30, 1111111 1301. II. 13. 717. - 1311.
11. 37777111.

- 30, 71111171 00111111011113,1111μ-
10111 1311. II. 31. 777111.

- 30, 713111 00101101011113, Ignea
1311. 11. 31. 777111.

- 10, 731117 001011111011113, 0110
1311. 11. 31. 777111.

- 30, 73111’130101111111011113,1101111101
1311. 11. 31. 777111.

-- 11, unguem, 7110 1331. 11. 13.
717.

- 30, 7111110111, 1110111111 1311. 11. 33.
777111.

71101101 IIII-ebio 111111111133. I. 3. 11.
-1110111001, IV. 1173. I. 1. 1.
- 0110111101 00110001, 0110111011. I. 30.
7711.

711111, 3111101 In 1110111733. 11111. I. 373.
77.

71110111, 3111101111 1113011 1317. 11. 731.
CXCVI.

710130,11131111101 1717. I. 115. 31111.

- Thomu 1353. 11. 770. 33711.

- 30, 3111001 1717. Ι. 115. 31111.

-· 11111011 1338. 11. 173. CLXX.
7111113111011 1377. 11. 731. 33771111.

- 1110011111 101 31011011 10101 1377. 11.

735. 33771111.
- 71001111,301111377.11.731. 33171111.
71101 Heinrich 1377. 11. 31. LXXVIII.
7111001101 30131101 1337. 11. 773. CCLIIL
7111113011 30, 310101, 111111 1777. I. 733.
33771111.

- 30, 300113111777. I. 703. 03771111.
- 10, 71301301111 1777. 1. 703.
33771111.

7111011130111738.1. 133. CLXXXI.

711111301131, 01101. 113. 37111.

71ιί 1717.1. 51. XXXVIII.

LybensInIer 3011110111 1330. 11. 751.
3377711.

7110111111 1101111013 1330. 11. 755.
3377711.

710111301130, 0110,1111011713. I. 113. 317.

713011130111753. Ι. 115. CXLIX.

71101113011 11111 17331113. Ι. 313. XIX.
- 30, 0110 3110 1733. 131. I. 313. 717.

 

