mab-m 1111111111. ι. 111.

CXXXVI.

- ae, 1111111111. 111. 111111
- 1., 11111111 1111. ι. 1111111111.

1111011111· 1111 1343. 11. 177. CLXXV.
- 0111111 1374. 11. 397. CCLXX.
1111111111 11111111 1305. 11. 374. 001.

81111111 11111111 1304. 11113. 11. 404.111.
- Praebet, 811311111111111111111357.

111. ιι. 111. 1ιιι.
ming «10, 111111 1111. ιι. ι. ιι.

- 11, Murgan-eth, 111111130011. 1. 11.
111Ιοί111113, 1111111111 1315. 11. 43.

XLVIII.

1111111, 3111311111 1378. 11. 333.

CCLXXXVIII.

11111 13131. 55. XL. - 1303. 11. 11. XII.

11111111 131911. 03. LXVII.

111111 1111111, 1111111, 13111111 111111111-

stein 1399. 11. 397. CCCXXXVIII.

11111111111111 011111 1380. 11. 338.

CCXCIV.
- 1111311111301. 11. 7. 111.

111111111111 1111111111 111 1111111331.

11. 79. LXXVII.

- 1111111111, 1111111111 1331. 11. 79.

LXXVII.
1111111111 1188. 1. 34. XVI.
11111011 1301. 11. 359. CCXXXIX.
1111111111, 11111 1394. Ι. 375. 0001111.
8111011111, 11111 1349. 11. 307. CCII.

11111111 111 81111111 1370. 11. 308.

CCLXXVIII.
11111111011111 1313. 11. 3011111111.
1111111111111111 1317. 11. 33. LVIII.

11111111113111190-1310, 1. 37, XIX.

11111111, (1111 1337. 1. 97. LXXXV.

- 11, ouo. 1111113501. 133. CXXXIII.
-1358.1. 143. CXLV. - 1339. 1. 143.

CXLVI.

1111111 3111111111, eomes 1393. I. 378.

CCCXI.

-11, 01111111, 1111111333. th. I.

394. 11.
1111111 1301. 11. 304. CCXLII.
1111111111, 0111 1308. 1. 108. CLXXX.

Ilm-enstein 11,.111111 1380. 11. 340.

CCXCVIII.
1111111111 1309. 1. 41. XXXI.

- 3111111 1. 11111113 1380. I. 349.

CCLXXV.

453

1111111111 1111111111 11 1111111309. 1.
41111111.

1111111111 propos. 1111111111111303.1. 34.
XXVI.

- 11111111 1. (1111 1388. 1. 350.
CCLXXXIII.

111111111101,11111 1300. 1. 148. CLV.

Bartunguu 11111111 1303. 1. 33. XXIV. -
1303. 1. 33. XXV.

- 11 1111 8131111 1373. 1. 181. CXCVI.

1111111111 113013. 1.

11111111 11, 0111111350. 11. 330. CCXVI.
— 11, nicolaus, 3111111350. 11. 330.
CCXVI.

-11, 1111111, 1111111 1330. 11. 338.
CCXVI.

-11,11111,111111111 1350. 11. 330.
CCXVI.

Η11111111 135111. 138. CXXVI.

1111111111 811111 Bou-g 1351. 11. 313.
CCVI.

1111111111, 11111311. 11. 33. XXXVI.

11111111, 11111 1394. 1. 375. 0001111.
- 138811. 3710001111.

- 11111 1301. 11. 1. 1111.

1111111 1310. 1. 43. XXXII.

ι-11, 01111111, 111111 1389. 1. 331.

CCLXXXV.

- 11, 11111111 junior, 11111 11 111111
13731. 199. CCXII.

- 11, 01111111, 111111 111111 13751. 300.
CCXVI. -13731, 300. CCXVII.
-11, 011111111380. 1. 335. CCXLV.
-· 1383. 1. 330. 0011. - 111111 1385.
1. 341. CCLXIV. - 1380. 1. 351.
0011111111. - 11111 1388. 1. 330.
CCLXXXIV.

- 11, 01111111, 111111 1389. 1. 330.
CCLXXXV. - 1309. 1. 338. CCLXXXVI.
-11, 01111111, 111111 1393. I. 309.
0001. - 1395. 1. 380. CCCXIII.
-11, 011111, 811111 1350. 11. 330.
CCXVI.

-11, 1111111. 1370. 11. 390. CCLXIII.
- 11. 11111111111385.1.341. CCLXIV.
- 13891. 3500011111111.

-11, 1111111111, 1111111373. I. 185.
00. - 1374. 1. 300. CCXVI. - 1375.
1. 300. CCXVII. — 1377. 1. 310. 00111111.

Ι - 1380. 1. 335. CCXLV. - 13831.
335. 001111.

 

